S0102	S0104	S0105	S0106	S0107	S0108	S0111	S0112	S0113	S0115	S0116	S0117	S1504	S1505	S1506	S1511	S1512	S1513	S2904	S2905	S2906	S2911	S2912	S2913	S4304	S4305	S4306	S4311	S4312	S4313
aDC	0.01075573896538	0.00621675539026506	0	0	0	0.0456651804002978	3.52597291271527e-19	5.64960612814071e-22	0	0	0	0.0117226880461473	0.0134330236933942	0.00591611509816619	0.0377995580889308	3.59321655226005e-19	1.40255456496368e-19	0.077793666999426	0	0.0210275535655549	0	0.00343348627190753	1.15535122428177e-18	9.87366465850624e-19	0.0769503129035544	9.52105529516649e-19	0.0375458327534774	0.00747713507683351	0	0.0183391317590409
Adipocytes	7.93022015506672e-19	0	0	4.45188354965834e-19	4.75418169563904e-19	0	6.10087330175708e-19	1.04517206753207e-18	0	0	1.31378961463169e-18	1.68604480837991e-19	0	0	0.00132996668076175	0	1.39003865950182e-18	3.43840583576682e-19	0	0	0	0	0	0	2.54410537619399e-19	8.10547479104052e-19	0.00250766869984147	0	0	7.85445103331578e-21
Astrocytes	0	5.36958154887166e-19	0	0	1.7443182187992e-17	0.015420599633407	8.62228540090734e-19	6.55155096455788e-18	2.54867887941475e-17	6.43370012946441e-18	2.96512760166546e-19	8.41117998571973e-19	0	0.00890586686937234	0.0127978392501239	2.13951289829719e-17	0	1.67240566617343e-17	0.0453931421431643	2.82308782086668e-20	0	0	0	0	0.0260126006004177	5.54673088013726e-18	6.07227965310199e-18	8.8726967564089e-19	3.6344283541509e-18	1.195002952039e-17
B-cells	0	0	0.00206800955088688	9.46542826348304e-19	0	0	6.43148530848261e-20	0	0.00580412146842832	7.23583935640119e-19	0	4.84154187061408e-19	4.41436074592676e-19	0	0	0	1.1752833024951e-18	0.0112460645012478	0.0489180847073427	0	0	3.62646738813147e-19	1.53693245163068e-19	0.00106758318428678	1.91429537111138e-20	2.04765027267066e-19	0	0.00233111386191262	5.49436445871945e-19	0.038693969346372
Basophils	0.0243398560063009	0.107759095222121	1.54655511649377e-21	0.00827534371679785	0.073211850170687	0.108654082102478	9.92437078624141e-20	0.0034892396579654	0	0.0775923413141717	0.129679989013222	0.146623180342226	0.135478206107349	0	0.341221134045515	1.18483252944193e-18	0.0782827585967768	0.0496151588439928	0.00632940129405372	0.0463025526195992	0.0352414977746139	1.97564469225253e-18	0.149082802727312	0.0124494875643197	0.131061853879919	0.105203064430559	0.108678683866864	0.0682717822257118	0	0.0895874494035492
CD4+ memory T-cells	0	0	0.00569912542589059	0.00537740903653782	0	3.121823754414e-19	0	0.00623213486426155	0.00256046815949148	0.00166615605389603	1.38713411056029e-19	2.05261015929079e-18	0	3.90354872578543e-19	6.7449758530592e-20	0.00787056190479049	0.000497103803186113	0	0	3.65342160548534e-20	0.00117591421339446	0.00956619289401248	0	0.000288897325670366	1.46415215459676e-20	0	4.06012416224751e-19	0	0.00950429055816598	3.8126358185023e-20
CD4+ naive T-cells	5.04585505388718e-18	7.2184737353889e-18	3.18819424089196e-20	0	6.60951061000937e-21	5.88333236638204e-18	0.0332908297118919	0	1.23013701132663e-18	1.68502726432354e-18	2.21584061139961e-18	2.30950510965651e-18	3.36149703166634e-18	2.29886010924743e-18	9.72730880318012e-18	0	0	0	0.0106997895326203	6.38885647895867e-18	0	2.72358930806613e-19	0	0	0	6.79688108369457e-18	1.35577050643381e-21	5.84577899151927e-18	0.00586219337457349	2.38729631613635e-18
CD4+ T-cells	7.65702130612528e-19	0	3.00647037730051e-19	0	4.69973897742786e-18	0	1.16441113860319e-18	0.00267145210521995	1.37633528604887e-19	0	0	0	0	3.38395889098415e-18	1.46499452357613e-17	0.00464550677118282	0	0	0.00579285517520841	0.000177079788098948	0.00136583291778468	0.0215701693984102	0	0	3.55869164184539e-18	1.06993071134648e-18	4.36424603200568e-18	1.96413306820727e-18	0.020591059230593	0
CD4+ Tcm	0.0307849936546722	0.057086811543624	0	8.50751198562138e-20	0.0641892631334427	0.0739221938237733	0	4.34594103943014e-18	2.58571323063648e-18	0.0051051544693258	0.0146976689124255	0.0100489421967088	4.81113565887699e-19	0.0475559153682913	7.03435893169462e-18	2.16220683532158e-18	1.95594183070736e-19	0.0153394899560771	0.00387389253938494	0.0251409467697076	7.66166456371024e-18	4.58352055767985e-19	0.0014486286006205	1.72119064850122e-18	0.0490819907354899	0.0181066273679745	0.00305419058215775	0.03173983522992	1.99676447029531e-18	1.12587532309864e-20
CD4+ Tem	0.0849020742058069	0.0495894888322084	0.00302549818531707	1.81197931215928e-18	0.0895414175602075	0.135567698952415	0	0.011481662686125	0.0105726474254522	0.0229467408790044	0.0351601416883182	5.02156193694847e-18	2.28530988295332e-18	0.0217474911460831	0	0	1.86861931288034e-17	0.0387392769762502	0.0595786692694139	0.0605808991495524	0	0.00168259093303126	0	0	0.0739473002844796	0.0736432670293549	0	0.0126328520555114	4.94460771369979e-18	0.0734741696166876
CD8+ naive T-cells	0	0	0.00857945701729532	1.79566174359076e-19	0	8.12071604260479e-20	0	0.00890562692543148	0.00215055609148933	0.000984563330000219	7.06469694003444e-20	0	0	0.000818600775686816	1.0396467654509e-18	0.0176022598875406	2.76544010428334e-18	0	0	0.00563712264857561	1.29510448135792e-19	0.00257172570596559	0	0.0038293102184026	0	1.51176029363905e-18	9.02846708239177e-19	0.00392747797688326	0.00521931287424959	0.00152646454970337
CD8+ T-cells	0	3.83636506755915e-18	0.00202575958825611	4.4366748870003e-21	0.0127071848263467	1.73519602217381e-18	6.23402884460236e-19	3.01905496461791e-19	0	0	0	6.02778992338697e-20	8.4427222538223e-18	0.00963099630812692	7.90517234494917e-18	0.00296670277049531	2.09548041346342e-18	7.12338054074011e-18	0.00639655170003937	7.75090882261276e-21	0.000112426163094616	0.00075469681358316	0	0.0162998685595716	5.98891194896842e-18	1.30808767733194e-18	0	8.73391256097121e-19	0	6.7436546574499e-19
CD8+ Tcm	0.0172676949024671	6.38530967912245e-19	0.0215816448431197	0.0103613692529357	0.0208210834497046	2.43299602726816e-19	5.30481937691705e-18	0.0143361591403119	0.0029237589979701	0.00275581105768365	0	6.21398553700173e-19	5.87833786201976e-19	4.06435663334048e-18	2.74570496033888e-18	0.0155777321855795	3.10545182122773e-18	0	0	0.0140025956208222	0.0171057216690128	0.00736747487481594	8.91854940222383e-18	0.0159381354859574	0	1.22721265480104e-17	1.7941501210202e-18	1.17821221684242e-18	0.00986940872751451	4.6554207429456e-18
CD8+ Tem	7.21496369429382e-18	0	1.07718212418289e-18	2.59902188725987e-20	2.12027036385317e-19	0	0	1.19792010170888e-18	0	0	0	4.91962586481377e-18	0	8.55740007177573e-19	2.45238335581627e-18	0	1.07673914030681e-17	6.52879642823942e-19	0.0144651527327649	1.44575286694262e-19	7.99267900714698e-19	1.67226655527338e-19	1.34443388954985e-17	8.66869434241034e-19	1.19730747049478e-18	0	0	0	3.18261240839079e-18	0
cDC	0.0117553612474834	0.0155374881750251	0.00121348114624054	0.0103816670852369	0.0384498667266895	0.00380308299636769	0.0247571484077715	0.00568074683674233	0.035609130821365	0.00805422272750239	0.00178556047730507	0.0176866173530824	0.0342017798562557	0.0399021862754428	2.86419568381985e-20	0.00377834474569739	0.00581357086507809	0.0445388424987873	0.0585084919055893	0.0270022019929495	0	0.00945437076507994	0.026001297189009	0.00473042210412949	0.00670993942548106	0.00757649322987407	0.0327557380917827	0.0332460897723615	8.78534033686826e-05	0.0387313188402737
Chondrocytes	1.34147859595089e-17	0	7.93696075834868e-19	4.13961092655439e-18	0	1.34705826876821e-18	0	9.04994928441765e-18	0	4.96613642074366e-18	2.67793968228768e-18	1.49743938920582e-18	1.31313973330525e-18	0	0.0073500014958619	6.83809651849792e-20	2.10122591073462e-17	1.45599210786803e-18	0	0	0	0	0	0	3.01154079180086e-18	0	2.41297653892121e-18	0	6.45537820421655e-18	7.58027890154103e-19
Class-switched memory B-cells	0.038459645313658	0.0602684728300635	0.0205337714648954	5.97103703569162e-19	0.024122008641276	0.0366696631573832	0.00782391985868708	0.00538453162285086	0.00441846098938511	0.0023661065429705	5.69735803034837e-20	0.063404522639825	0.0570087456093425	0.0567199355729594	0.0305007690220515	0.00659078293766161	0.00928830827712857	0.0551786590918794	0.0843684045523842	0.0632998666110504	0.005182166305759	6.89730052140878e-19	0.0114806582732002	0.00607638453334167	0.0563453051191742	0.027117858524939	0.0160505163700783	0.0154791774079272	0	0.0921733725418943
CLP	0.0203562552527359	0.0144842033396292	0.0306811324565849	0.0460420698810353	0.0252309360700637	3.73768077938794e-19	0.0419200983288478	0.00999305947668599	0.0417535634570364	0.0164974542200467	0	0	0	1.74976407213851e-20	0.00357229959338664	0.0500486051154116	0.0234920406336262	0.0152465941826206	0	0	0	0.0192051459856878	0.00619883749973975	0.0465180422397392	0.0029017936811551	5.32478876676638e-22	0	0	0.0250354325558329	2.29940773783775e-19
CMP	0.0173293572568279	0.0137975554540768	0	3.24422740479116e-18	0.010946423886237	0.0115555775885313	9.97767223838873e-19	0	0	0	0.011557646263962	0.00392083119175855	0.0120804416335093	0.0407400447349917	0	1.47944607915661e-18	0	0.0114462714532876	0.000724229746732119	4.16944754888286e-19	0	0	0	0	0	0	0.00878146460487363	0.00497938187422164	0	0.0234654865344444
DC	5.41409358598263e-21	0.000686476748169244	6.79173895572444e-20	8.76463162455935e-19	0.000854329635168443	0.00733761969870286	0	5.22534274347157e-19	0	0.0033761393468959	5.87941323217245e-20	2.4885364962134e-19	0.00037675761904934	0.0026343816723989	0	0	1.9615992069347e-18	0.00813432049040118	0.00692008626399994	0.00144514599084267	0	0	0.00139530972780327	6.51382848659715e-20	0.00281676227589396	0	0.019434682027506	3.11478426882578e-19	0	0
Endothelial cells	0.0178953401060001	0.018036231899386	0.00134038045740121	0	0.0311022643613393	0.0390920606094706	0.0248825394565015	0.000304157402535645	2.18147556674435e-05	0.0027037954013366	0.0204877290660439	0.0218020179123914	0.0249260214573298	0.0280414594770053	0.0290864783790623	0.00684603137005697	0.00661640156711798	0.0110862534978613	0.0224793310217372	0.00484912169264262	0.002524264233514	0	0.0036178025151634	3.54504363411687e-19	0.0422354715847308	0.00378796778590883	0.0107541984185357	0.00381100595416546	1.38111918969354e-19	0.0454063051871933
Eosinophils	0.0429407677541773	0.0191632402720112	0	6.88408158395143e-20	0.0714978153852098	0.115880943167804	0.0164288567873723	0.00254922530540667	0.00110987253079134	0.0320732836187908	0.0236980768094994	0.00868454825348522	0.016477386329788	0.0697624492797523	1.40897457682053e-18	0.000320089836630068	0	0.0812814819960457	0.0543412260351492	0.0208298852292263	3.17642982539603e-19	0.000126581496867694	0.00261270373915807	3.25375934681384e-19	0.0222322751448151	0.00383709064787506	0.0271248346970469	0.0228265009779557	0	0.0388794373189112
Epithelial cells	0.00515080420773536	0.00801815615074902	0.00511750225846798	0.0063190255111947	0.000293935967449566	0	0.00328435680453806	0.00577658490388257	0.00758870805540512	0.00675515046086494	0	2.81720269608534e-19	0.00669408613120721	0.00832232243458264	0	0.0014346268474954	0.00102527166962204	0	0.00470285202100757	0.00780896384456324	0.00676562209244785	0.00313591264496956	0.00145715878426082	0.0062593203984171	0.00473383664377031	0.0127758415246559	4.51222014117496e-22	0.00839531131646186	0	7.39565823620029e-19
Erythrocytes	0	0	0	0	4.41665690162364e-20	2.14990970114929e-21	0	0	3.16058246661218e-19	3.49363710132456e-19	2.77498469656209e-18	0	2.42654016772019e-21	8.84303592802218e-21	1.89782782203471e-18	8.82622283123022e-19	2.19990271068814e-18	0	0	0	0	0	0	8.77193756821891e-19	9.30021053238576e-19	0	0	0	0	4.44018163158924e-19
Fibroblasts	0	0	0	0	0.0220580702053301	0	9.32781681744765e-18	6.6328994851804e-18	0	0.0346674188843424	2.47970876137927e-17	0	0	1.18817632956009e-17	0	1.6828325201168e-17	0	0	4.32884950535131e-18	0	2.1787102869609e-18	5.90921175107678e-18	8.16768897692371e-18	0	0	7.68893588579957e-18	0	9.95292313511383e-19	8.17619962571476e-18	0
GMP	2.65917770368392e-19	0.00161754050132976	1.01880047221821e-17	0	0	0.00100458641950419	0	0	0	7.94897834086159e-19	1.23132144698537e-17	2.23510951714548e-18	0	0.0407458281702962	5.04657158633474e-18	2.62053537109394e-18	2.22996100655748e-17	0	0.018982475759447	0.0262747403676778	0	1.43943920942936e-18	9.52296901214901e-18	0	5.2086844736287e-18	0	0.0113190749670875	0.0152615530460931	0	5.42359523321648e-18
Hepatocytes	1.73861392419639e-18	0.00498061480792451	4.40572983988699e-18	0	0.00184103932543569	0.00579796540912199	8.25843493409492e-19	0	2.33258476485662e-18	3.46523862674355e-20	0.00175106247985712	2.90103152415674e-19	0.00361648170059328	0.00102649043840472	0.00813005739697613	0	5.24920500408717e-20	0.00166495128588257	0.00150731431118227	0.000939706426946097	0	0	5.45415005381574e-19	3.5076606445017e-19	0.00230490978805955	3.82500880293201e-19	0.00233884939348503	1.92878924633053e-19	3.24716932247224e-19	0.000824395669650869
HSC	0.16176536299497	0.196603584912163	0.0535992418350061	0.0418484920065961	0.325026712924099	0.139469061548831	0.0430509655535215	0.074351266642089	0.00777478397079392	0.0689925230171769	0.0469701461100075	0.0707884389651204	0.0564518825976423	0.102160327029383	0.0336314046218314	0.151338468502149	0.019756633050522	0.0334638782232325	0.0149347232090971	0.0696646175633889	0.0395251851261127	0.0074855962812652	0.0452299684141223	7.04120475652424e-19	2.7209145102646e-18	0.0148888346619146	0.0825305969446254	0.00948193963880621	0.00525986354207533	0.0603213141232418
iDC	0.0237978532592386	0.0474533204943133	0.0240450229407719	0.00853752104567164	0.061441143358494	0.183209774425311	0.0131222752805018	0	0.0125891851272961	0.118617760624985	0.0325696212727595	0.0674413979332278	0.0559742896281997	0.049938713063925	0.0240388164993645	0.0083777041349393	0.0296006170408439	0.0414991523431692	0.288624213760277	0.0564005586286763	0.000618891060627709	0	0.0672968493555167	0.0398334014843762	0.0331894190363257	0.0610175349979408	0.292868075449109	0.0060991855285358	0	0.0336643404824059
Keratinocytes	0.00388336040544717	0.000703752933631869	0.00130237042818956	5.63582201720243e-20	0.000336251190348485	0.00794799822232808	1.3010217944082e-19	0.000361767330588332	0.000444473066637523	0	0	3.98561919789245e-18	5.42101086242752e-20	0.00396888952911094	3.78950806923131e-19	0.000114378199190405	0	1.35841786955614e-18	0.000890508867653456	0.000960141998699704	0.000678314910889487	0	5.25632102641105e-19	0	0.00562477563092907	0.00552682308675152	0	0	1.31987074157557e-22	0
ly Endothelial cells	0.0363078559557178	0.0214875144116322	0.00566808421951722	1.2816539804435e-19	0.0431937155738348	0.0350497890242206	0.010038529432344	0.00416748548547243	5.52410780512441e-20	0.00584951340072586	0.0148293901703023	0.0163259207704154	0.0120944629257949	0.0273686369696644	0.00965008213144062	0.00950394304983607	0.00364788216401605	0.0257949376643031	0.0117148809151796	0.00329434960758631	0.00257921300775184	0	0.00524145834263741	2.56529832470042e-19	0.0340128532047819	0.00165658627338224	0.0109952201506052	0.0145766545976546	0	0.0463608175629572
Macrophages	0.00453556349747921	0	0.00374640645615466	0.0163980978472244	4.82370886458774e-19	1.06281289200549e-19	4.32630769707173e-19	0.009242580788262	0.0108627343069346	0	0.00637210925879347	4.38882371581083e-19	0	0	0.000742722410262527	0.0070060505047318	0.0253580716138741	2.04538688259718e-18	0	0	0.00105177936822522	1.86301896355493e-23	0.00103017807881408	0.00407731950972527	2.14974237027913e-20	4.17581856751256e-19	0.0124418024303167	1.41751664100825e-18	0.00225181289659245	2.16749013001602e-19
Macrophages M1	0	4.46955576383135e-20	0.0016884657585393	0.00112335592047345	0.00548148509969712	0.0163680958095121	0	0.0023537302794336	0.00267210525911574	0.00411567070607667	0.0125148248245424	0	0	0	0.000452857386208297	0.00547638637804489	9.1499959364306e-20	0	1.08016366731152e-18	0	0.000941614410503464	0	0.00594762488379649	0.00489246506638362	0.00402441504054027	0	0	1.66638338419377e-18	0.00333049285159828	0.000452955992901323
Macrophages M2	0.0341929844922238	0.0158428558825462	0.0107403679544249	0.0124759157056497	0.0028236719588728	0.0224976081845285	0	0.0114210187155421	0.00329445937295706	2.14170721900664e-19	0.013615772207115	1.21993532900385e-18	0	0.019082694759145	0.0177688154633292	0.00422127521181728	0.0340318721890994	0.000284448409279141	0.00252843078560614	0.00949145779681083	0.0113975204002218	0.00337371325921745	0.0145874809138784	0	0.00573398004466629	0.0282904949809868	0.0168474019160457	0.0130124952388769	0.000551766961788848	0.0192038223240961
Mast cells	4.30562537431267e-19	0.00988616946724976	0.00505038276371202	0.00118826619581714	0.00469575153095484	0.00286422176260966	0.00390815231254991	0.00803447174035615	0.0143288961263279	0.00152930071747052	0.00593865722229411	0.00790567967953649	0.0210879507484692	0.0377751667322612	0.0170468398755321	1.05203956867428e-18	0	0.0132243712851623	0.0106361017731838	0.0245315306324811	0.00120952997490353	0.00688884583401039	0.00234845197200002	0.000884583303189929	0.0263156120852669	0.0140641906127964	0.0112037801634904	0.00702094148705871	0.00188137544415031	0.00269521084239665
Megakaryocytes	1.45420746996965e-19	0	7.17918308587589e-05	0	0	0	0.027362304109546	0.0185570095939764	0.000589084335436208	3.19894378851343e-20	0	0.000751746833726561	0.012304510268259	0	0.018067451999214	0.0046067436040268	6.86452062447509e-20	0.00186696037310884	0.00498372930705209	1.13793487880837e-19	0.000139485317358173	0.0014325394547041	0	0.00178955177664462	0.0195616624373237	0.00103597894798223	5.04559520702544e-19	0	0.000652446804260733	1.07442097245862e-20
Melanocytes	0	0.00248011476998293	0	0	0.00597084568164605	0.0062785576450847	5.39497893080796e-21	1.4568955848609e-18	0.00267865479206369	0.00448981376214183	0.00652967650021933	0.00294750449929163	0.00492430995470407	0.0015644382376024	0.00261045442972322	0.000215983680993716	0.00039992197218401	0.00473622189162468	0.00212394751792099	7.67011925675329e-19	0	0	0.00748234430921262	0.00278119905030066	0.00675544426833549	8.685035138695e-06	0.00209205819268626	0.000302298732337394	2.15721170925788e-18	0.00306987057621538
Memory B-cells	0.013430744395141	0.00553593463915748	0.000902111434099631	1.6925518319597e-19	2.7234062069745e-18	0.0115212311062179	1.10699062988433e-18	0.00190342445978184	0.000802199354599705	1.17480941964119e-18	0.00651522653484348	2.01703633704041e-18	0.00840374034720526	0	0	0.00152627214789518	7.50696129746549e-19	0.0153091908108354	0.0278119107197432	0	1.29482941073953e-18	0.00546150815070367	0.00247571710141939	7.88150983350013e-19	0	3.28033626864428e-19	0	2.26874202666575e-20	0	4.55997123047528e-19
MEP	0.0770280497267591	0.0676055901557879	0.101195910608287	0.131533414178337	0.0360226228763189	0.0999678848159288	0.0584358694560128	0.0930440251773005	0.0528652995501366	0.0775329492992021	0.0900548250432428	0.0740985549684717	0.0920925927570169	0.0144071845379504	0.0554926955295014	0.144163910613334	0.0713560412624409	0.0348744708261315	1.13577530982512e-17	0.022731678555581	0.098702345744806	0.065006456318989	0.0523719413176576	0.0874345958294628	0.0721407859978964	0.0771656520940354	0.0239231554728931	0.0412554053490182	0.0867498589362758	0
Mesangial cells	0.0477482065731991	0.051052293429688	1.82558173727915e-19	0.0326865471186913	0.026566296428681	0.0568501024013034	0.0133198851062409	4.08660109412834e-19	0	0.00572480994539807	0.0362535002498801	0.0067436164443731	0.0144626621430917	0.0761895380701572	0.0756067096126766	0.00608792750865736	0.0204027746869016	0.0106517233254969	0	0.0111176519295381	0.000837188658242124	7.03733533846047e-18	0.00108281720369881	5.77523099625253e-18	0.0249184331825023	0	0	6.03254567714954e-19	0.00549895572039752	0.0355275608555756
Monocytes	0.00262433825079701	8.05994420868915e-19	0.00512825646295232	1.70339875019832e-18	0	0.00785133991448864	4.34751602499325e-18	0	9.67211979369689e-19	1.78481024226774e-17	4.74020369331206e-18	1.28876302531083e-17	1.36629275302454e-17	0.00956995501281219	0	1.337642548226e-18	0	0	0.0167875727470998	1.34407764841288e-18	3.08073114986944e-21	2.41487458825241e-19	4.40685266153318e-17	2.02909404398958e-19	1.6120472648764e-18	1.42823653069471e-19	1.53562377506152e-19	6.64910283737834e-18	0	0
MPP	0.00687425398856682	0	0.00916184364785763	0	9.83949873857944e-19	0.0405090428658144	0.00194873827421062	2.23842499910678e-18	0	0	0.0154561088760389	0.00222640147705307	4.8528899601501e-19	0.0289783989826831	0	1.29881392970998e-17	2.24500365199431e-18	0.0459722760159207	0.0305895665735183	0.00119868282632435	1.27111228129772e-18	1.33671363299085e-20	9.1629368587527e-18	0	0.0374042458795917	0.00156270450164748	0.00452146542577036	0.0123870254686894	3.44138448845688e-18	0.0311926953193038
MSC	0.24620838188704	0.0511443969813651	0.014423195692149	0.0236112023867437	0.179809492070024	0.298256328683133	0.0894862438980956	2.18380023042121e-17	0.0480588301461784	0.0273476786382218	0.0994918783116351	0.312289058430675	0.148864632890868	0.226128053050454	0.272207797862782	0.0224930217314866	0.00933478748151337	0.41837294901071	0.187817747128496	2.08356573681705e-17	4.12027839811469e-17	5.18662995475065e-19	0	0.0399766218686286	0.139865379963062	0.0563835588547909	0.0820605698732957	0.133784284144193	1.86923943747193e-19	0.286119626358158
mv Endothelial cells	0.00163484018026402	0	0	4.64932632878194e-19	0.0226692642543173	0.0188345410713474	0.00662369337709932	0.000534869377243147	0	0.00465908805523749	0.00922653272617393	0.00934702614534945	0.01617531334284	0.011419598306258	0.0208043095120147	0.00221625986589021	0.00662904518592426	0.00854443974807807	0.0180401154120264	0.00516506201317587	0.00194026626881217	2.84407725185774e-18	4.96656292275357e-19	3.13696588242952e-19	0.0195045253956637	0.00623215884751535	0.0103622527988988	2.74516783642096e-19	0	0.0215503532001251
Myocytes	0.0248179188702708	0.0265907207226657	0.014849388413409	0	0.0419877392386657	0.0478293647883165	0.0108200453239797	7.20030116891387e-19	0	0.0108506015183364	0.0156411840370152	0.0059297027787317	0.0172642129132959	0.0388493566038657	0.0303327710799789	0.010914278767048	5.31179746541033e-19	0.0339383377264461	0.0125177945402727	0.0261170468998289	0.00432439721990522	6.64341568897476e-20	0.0123623300449549	0.00575946512149456	0.0145687478954787	0.0209195203933981	0.0252478643960626	0.0077858316210167	6.17550317534534e-19	0.0691702864786688
naive B-cells	1.27785976948656e-17	0	1.4370761737159e-20	1.60622876328471e-18	4.4386362304123e-18	0	6.92523359002701e-19	2.13839555141845e-18	0	2.6814878742506e-19	0	0	4.93921776762669e-19	1.30955088662342e-17	3.93268959613814e-18	0	0	0.00763483980441319	0	8.51094667168869e-18	0.000975581411835646	4.32081741703307e-07	0.000303879813393917	4.54979067782367e-20	0	0	3.05478911136402e-19	0	9.62860177371663e-20	0
Neurons	0.0143671162549215	0.00423216097639632	0.000892445162545869	0	0.00583188592578519	0.00809396114999078	0.00328784440979722	6.21775053218655e-05	0	0.000579779603011844	0.00334209275783852	0.00372523547668841	0.00462380588741332	0.00517585004193242	0.00368871293934012	0.00290665528677428	0.00112472854802054	0.00953588260492576	0.00590269575817729	0.000373522239728702	0	0	0.00142025347520519	1.75820653859303e-06	0.00664816526494235	8.2574968613682e-05	0.00219125368817602	0.00105684354227915	0	0.0100077982570354
Neutrophils	0.0339077926375328	0.00398604242193533	0.00107252978153475	0	0	0.00246312316706036	4.46358393392476e-19	0	0	0	0	0	7.5498378581139e-21	0	0	6.09130525622539e-20	1.39218454028889e-19	0	0	0.00153703447343981	0	0	1.91134203521428e-18	6.40227460246811e-20	7.65721771132842e-20	0.00066716891391892	0	0	0	0
NK cells	0	3.20921692233595e-18	0	1.26576789919473e-18	0	1.20857746984195e-17	0	1.55030231601216e-18	0	1.8507417799785e-17	1.64930601613818e-17	0	0	0	4.67037872691609e-19	0	4.54295246936169e-19	3.06968143790257e-18	4.73081821026997e-05	0	5.76726263517415e-18	0	0	0	9.56466634194943e-18	7.01699882872225e-18	9.94876301290519e-20	5.21153159350445e-18	2.7379673982545e-19	1.94779724307479e-17
NKT	0.0679278510277399	0.0618811456259784	0.00435484601317275	0.00384419878273511	0.0574351630577508	0.0774820044792445	0.114123151642189	5.88884137688376e-18	0.028442346888979	0.00172437133969752	0	0.0367868144606148	0.117190860006452	0.13901807608716	0.0138321075752092	1.61637174803332e-19	0.101551899338914	0.105002273896445	1.72124280027788e-18	0.0447538332946299	1.09589200059414e-19	0	0.00639993209440443	1.67926127126384e-19	0.106217680019715	0.0259264741790479	0	0.0404097680936897	9.61570605550617e-19	0.126610634998281
Osteoblast	5.45512035350039e-18	0	0.0151341227168952	0.0717057506969596	0	0	0.0149765289403183	0.0778911980069792	0.149652172428836	0.107793842701719	0.0348380159416658	0.0558035382307015	1.94305277417056e-17	0	3.87008101143377e-18	0.0547629162146803	0.115563817360496	2.30782109896962e-19	8.54597576923232e-18	0.0814215665399178	0.0829005459967252	0.0667287427872645	0.0327837753950661	0.0486279638586241	0	0.0793136523939694	0.00597613154868511	0.07050147539308	0.0830818958701145	0
pDC	0.0160789980442716	0	0.000364589085974002	2.25664612204926e-19	0	1.39839281379099e-18	0	3.08391221994649e-18	7.1951724760396e-20	0.00417966877322876	0	2.86027710037138e-18	0	0.00874420252144537	8.77343396940946e-19	0	0	6.52337122025966e-19	0	0	0	7.05482771752779e-20	0.00381020529977819	0.00108028148656098	0.0090337016135349	0.00587438082715491	4.35787412511098e-20	0	1.60481269667508e-05	3.4362906558525e-19
Pericytes	1.68944583172636e-18	0.0449640127462096	0	0.0105760345023934	0.0836924987352515	0.070665564769877	2.92502771441675e-18	0	0	0	0.0539711265145507	0.0912203552812439	0.0754570559539367	0.0589664666077196	0.122370490329497	0	8.87781079874549e-18	0.000225844645940755	0.0970717957471491	0.00308185487395077	0	0	2.80641855141797e-18	1.3092195714817e-17	0.01022683226393	0	0.0666788687355464	6.82313551135558e-19	1.65480267583628e-17	0.091121724792658
Plasma cells	0.0068800175466174	0.0149565201076678	0.0125410371189681	0.0101394495076507	1.79697688886671e-19	0.0323140857323132	0.00502356993141731	0.00541817553654785	0	0.0252107890975494	0.00559174455932794	0.00279767777929205	0.00781748814518537	0.0301326407462907	0.0297396472244866	0.0177302012286624	2.0425560850771e-19	0.0131218150096449	0.00875664945660316	0.0113671483710169	0.00458256098373567	0.012177898150844	0.0236936641738151	0.00670223560620016	0.0282074740574643	0	0.0217220696902973	0.0132796144708148	0.00637485825789753	0.0247976153950907
Platelets	0	0	0	0	0	0.0226656162966759	0.0106320480187353	0.00418350984388964	8.94480927869633e-19	0	3.02895650005468e-18	6.98540975126911e-18	1.86910090422263e-19	0.0376207357145674	0	0	8.02673398720582e-18	0.0231859718255814	0.0200203206143379	0.00930905586249902	0	7.54633787856854e-19	0	0	0.0458493782723389	0	0.00897539497835412	1.73429594782034e-18	2.16627718303849e-18	0
Preadipocytes	0.0424283061692494	0.00034229955535962	6.93388238025118e-18	9.77192671491314e-18	0.0878692045267177	1.67232327198648e-18	0.0242858195297499	0	7.76952938470135e-18	0.0129483630421046	0.00745047154173204	1.18639978333969e-18	0.00349568583060586	0.0236633284520994	0.0950060633495941	0.0633229631017437	3.52298000747732e-18	0.0311812611532191	0	0.0298005234895866	1.62283526731797e-17	0	0	4.30662822533574e-18	0.00743176954726489	0	0	1.9115220797807e-18	3.46835580926555e-18	0.0966603704885718
pro B-cells	0.057305371787344	0.0459614896075025	0.0200195411788764	4.42961131846332e-20	0.072389774289841	0.154802011916308	0.0276792878157621	0.00420286080334277	5.9500816741871e-19	0.0109567413554012	0.0407378868294425	0.0222905892755843	0	0.0594887654775072	0.0289371744229217	1.24521596418126e-18	0.00970747730892638	0.0579164585125339	0.0795085573172205	2.12783572120567e-18	2.30740517207713e-05	0.00193201431454402	0.0240002683019308	0.00906472747713681	0.0615102369709272	0.00824343215138674	0.044634189270738	0.00460577061740143	1.26238493357595e-19	0.0491109434410179
Sebocytes	0.002819218934295	0.00182093227151605	0.00161862714090938	0	0.000690541747262991	0.0038143672294581	0	0.00114567980392943	0.0006316272765143	0.00064705016169379	0	6.02410764931033e-19	0.00214516862237533	0.00327083365010856	0	0	0	0	0.0013638626943405	0.000959632492274115	0.00144448061861449	0	0	0.000187500417144012	0.00376157610154715	0.00540381256844461	0.000527802968458545	0	8.9796527303834e-21	0
Skeletal muscle	0.0320241183789272	0.0211155367615893	8.51540348295188e-19	8.04965487251331e-19	0.0314956922387393	0.0445288661133727	8.96600875242051e-19	0	3.06152799340832e-18	0.000242818454262722	0.00264167139554774	0.00410519794043845	0.00707132826144982	0.0269181906046584	0.0191543739019225	0	0	0.0141776891788588	0.0076862815552452	6.82022257087357e-19	0	0	4.01492295058495e-19	0	0.0195804745739224	0.00123523638614742	0.0184511580811605	0	0	0.0255662345672588
Smooth muscle	0.182102373178671	0.143063496562168	0.296517199598185	0.27996357915409	0.0697892815917002	5.68997166570612e-22	0.164003858936501	0.308114739066933	0.234550550116905	0.177944568373506	0.22451902842333	0.00751840662225383	0.120752551780389	0	0.00748303815193684	0.3411887136397	0.259872248642731	0	0	0.175010891281183	0.287608203712112	0.308458222932541	0.315283903897745	0.239020480430667	0.00718931872904971	0.198852767836278	0.135506528690081	0.173741007049934	0.302405292027854	0
Tgd cells	6.39440638011593e-18	5.51784771794919e-18	0	0	0	0	8.33070534521477e-18	5.66912247042555e-18	4.36548698284197e-18	0	0	5.66448226693635e-18	7.06574734931721e-18	0	5.00030486206187e-17	1.31422296307369e-18	0	9.59975705349416e-19	0	4.55850587102977e-19	1.18868397319413e-18	0	2.14424884350765e-17	2.72171122947611e-17	0	2.1345886247584e-18	6.63757479170761e-18	0	1.52090019004818e-18	0
Th1 cells	0.0256172951564637	3.38854566522411e-19	0.0866974694581529	0.102265003212744	2.17891116119052e-17	0.0937595445227432	3.12385330607011e-19	0.167411330898159	0.0814428600048759	0.129032202385529	0.0999236756742156	0.158683721501163	0.0335975747562604	0	0.126411276924022	0.0921536353151979	0.0552479152133223	2.61680472368579e-18	0.0189436561163632	4.38398317303507e-18	0.122369749891584	0.0892604548025413	0.0708779592310398	0.120585446875495	0	0.0312967955156127	0.0914601575565692	0.0423706791143215	0.102682545325866	0.0274236296780931
Th2 cells	0.0150045821257245	0.0193751836111553	0.00593745428793651	0	0.148944865249499	1.84745897357429e-18	0.00449441953836005	0.0174245174094059	0	0.0123208648169406	0.0109347196878028	0.0749950923039001	0.00291200419871426	0.100815648077863	1.98232201278348e-17	0.00338016744627858	0.086546239013508	0.21726867067659	0.232203282382601	0.12004477902063	0	1.98609607673937e-18	0.0450263975092542	1.01366331491387e-17	3.43031895948059e-19	0	0.055891487697519	0.00109768176114425	0	0.0845298201730719
Tregs	0	1.03074343505908e-17	6.04960505096996e-19	0	0.00610467370738034	0	0.0353680211250789	0	0.0116128841048367	0	0.0271084170675423	0.00669370994204006	0.0231203769725291	0.0626626723259099	0.00984638994660338	0.0121870370890199	1.17294456210698e-19	0.0304017803379755	0.0402891786757028	0.0341549756624478	0.0165532109475838	0.0246567869953148	0.00189689202048424	0.0359581626858422	0.00653527998713779	0.0299350673598355	0.0636073810088655	0.032537151406714	0	0.0979451585242198
ImmuneScore	0.0560056414266576	0.022481285939577	0.0127275630689978	0.011724242695361	0.0598367209184532	0.0909314984737771	0.0135580060666148	0.0149984866261632	0.0214037496216547	0.0246524824554381	0.024005895527058	0.0110601519553478	0.0252947297982043	0.0862486326702344	0.0118597081905298	0.00995889992202667	0.0169053810759161	0.0759241588485714	0.0998931910560839	0.0323471174093926	0.00249304561600537	0.0195601956952476	0.00492442901185032	0.0148862363711824	0.0342430996706506	0.0123789667830602	0.0468033995455733	0.021452370884618	0.0164828317142238	0.0535124116717866
StromaScore	0.00894767005300006	0.00901811594969301	0.000670190228700604	2.22594177482917e-19	0.0265801672833347	0.0195460303047353	0.0124412697282508	0.000152078701267826	1.09073778337218e-05	0.0186856071428395	0.010243864533022	0.0109010089561957	0.0124630107286649	0.0140207297385027	0.015208222529912	0.00342301568502849	0.00330820078355899	0.00554312674893064	0.0112396655108686	0.00242456084632131	0.001262132116757	2.95460587553839e-18	0.0018089012575817	1.77252181705844e-19	0.0211177357923654	0.00189398389295442	0.00663093355918857	0.00190550297708273	4.15715577234206e-18	0.0227031525935967
MicroenvironmentScore	0.0649533114796576	0.03149940188927	0.0133977532976984	0.011724242695361	0.0864168882017879	0.110477528778512	0.0259992757948656	0.015150565327431	0.0214146569994885	0.0433380895982776	0.03424976006008	0.0219611609115435	0.0377577405268692	0.100269362408737	0.0270679307204418	0.0133819156070552	0.020213581859475	0.081467285597502	0.111132856566953	0.0347716782557139	0.00375517773276237	0.0195601956952476	0.00673333026943202	0.0148862363711824	0.0553608354630161	0.0142729506760147	0.0534343331047619	0.0233578738617008	0.0164828317142238	0.0762155642653832
