sample	Adipose.Tissue	B_Memory	B_naive	Basophils	Bladder	Brain	CD4_naive	CD4_TE	CD8_CM	CD8_EM	CD8_naive	CD8_TE	Colon	DCs	Esophagus	Heart	Kidney	Liver	Lung	MAIT	Monocytes	Muscle	Nerve	Neutrophils	NK	Pancreas	Pituitary	Plasmablasts	Platelet	RBC	Skin	Small.Intestine	Stomach	T_gd	TFH	Th1	Th17	Th2	Treg
EVPs.in.Urine01	0	0	0	0	0.420013574220687	0.00997823280011272	0	0.106748342584267	0	0.383746039464064	0	0	0	0	0.159594739719158	0	0.11766816157894	0.000134926363443394	0	0.0779013468523213	0.0442087934743498	0	0.00299054119808698	0.0218897720515945	0.0198836455569768	0.000140266453831972	0	9.54477623083538e-05	0	0	0	0.00363762445283229	0	0	0	0.0952744892353736	0	0	0.503669756078
EVPs.in.Urine02	0.00322097580264256	0	0.00621150343037344	0.0171336766376907	0.541389571218786	0	0.224166572441306	0.0159905988572815	0.0140724894697045	0	0	0	0	0	0.714404917736524	0	0.138107553022023	0.229466076845823	0	0.00735185536716521	0.254908513441067	0.0672457886102791	0	0.176821671012946	0	0	0	0.0523926008343264	0	0	0	0.0161987241359464	0	0.00157419851387075	0.0637139878872995	0	0.06939650974238	0.11493564341129	0
EVPs.in.Urine03	0.129383330664696	0.000201593200506306	6.2417425172101e-05	0.0256954799285823	0.313148516986684	0.0497644664164989	0.0125036418036056	0	0	0.101914470521625	0	0	0	0.00891376604509836	0.483255191825934	0.000134346600731472	0.0595530861026468	0.000292780796532277	0	0.0134109640824374	0	0	0	0.0148096021814351	0.00156342579380664	0	1.70190641529955e-05	0	0.153080891010569	0	0	0.0375088611170706	0	0.00774573889488137	0.237944816266209	0	0	0	0
EVPs.in.Urine04	0.289028349684678	0	4.30005583248322e-05	2.8051802099846e-05	0.565090659150491	0.000178985692978945	0.0301590525755902	0.000278509890996828	0.000701231784886874	0	0	0	0.255118531114892	0	0.475768978390727	0	0.196883595285585	0	0	0.000463920785803873	0	0	0	1.42694921427405e-05	0	0	0	4.62553771033991e-05	9.11676372255393e-05	3.30351233663873e-05	0	0.251918231995234	0	0.000109984263678323	0	0	0	0.000527414322499517	0
EVPs.in.Urine05	0.779724161404241	0.0257147913230033	0	0.00859100657839765	0.347875211463786	0	0.07566219720664	0.306256577879647	0	0.162392472668679	0	0	0	0.00674368739200298	0.476729582351925	7.89804602053107e-05	0.0993691315570305	0	0	0	0.245114469163459	0	0	0.00754202534681675	0	0	0	0	0.0179439097064715	0.000174484233344263	0	0.0190848432750703	0	0.220730037356543	0	0	0	0	0.0461686208358972
EVPs.in.Urine06	0.66940511452345	0.00480000425639404	0	0	0.603974174067718	0	0.463873669090866	0.138978223507644	0	0.0777774546895076	0.0483234469289765	0	0.316358285132114	0	0.510569502487329	0	0.16704965874572	9.81047971057832e-05	0.00216474246924749	0.0385420924544496	0	0.145511616082983	0	0.0331248740476901	0.0765488315524319	0	0	0	0	0	0.00793613328203512	0.222486164784091	0	0	0.280064622246478	0.0926402906062191	0	0	0
EVPs.in.Urine07	1.34112954519699	0.00131031713454441	0	0	0.641622547433419	0	0.0180164966730334	0.182792380338925	0	0	0.0447558188736944	0	0.0235578950778129	0	0.687010547579788	0	0.189814332970029	0.11885859801031	0	0.121158827782612	0.309864198446609	0.12602945476724	0	0.108538908067321	0	0.0356961213244813	0	0.0045856595241979	0	0	0.02773040834968	0.0497581874174578	0	0	0	0	0.0282998066514646	0.0641808750324567	0
EVPs.in.Urine08	0	0.0107012375069631	0.00616208927136416	0	0.570232506767874	0.00355506160808604	0	0.0611257921068941	0.155959250443771	0	0.163486731357779	0	0	0	0.19939142312554	7.45016561919526e-05	0.140953830211461	4.28619272344055e-05	0	0	0.118373010042905	3.00681346780407e-05	0	0.0439118654403097	0	9.12716018433568e-05	2.3371304793296e-05	0	0.014643851517634	0	0	0.0195067011396013	0	0.132218137273171	0.000832106027949919	0.252224247656031	0.0407933381268107	0.50267292840375	0
EVPs.in.Urine09	0	0	0.0407469254134636	0	0.557213691390405	0.00677835523332791	0.597909088783611	0	0	0.18859460860039	0.0151197358179254	0.0397279825880278	0.200667606978147	0.00073007904696662	0.502135649101801	0	0.0587599625918692	0.0790211402194321	0.12131577510848	0.0461558274237353	0	0	0	0.0684394236870292	0.046384330893017	0	0	0	0.679684747684862	0	0	0.0310486415807507	0	0	0.481263785941671	0	0.488657188868976	0	0
EVPs.in.Urine10	0.123999504877735	0	0.00925452998363865	0	0.535554144514385	0	0.712005380900964	0.181352334703236	0.180515823147448	0	0.0911344967732194	0	0	0	0.591164860548622	0	0.139794983304615	0	0.0830923499875371	0.134216272989866	0.0558262585712509	0	0	0.0271167165792229	0.582449803679447	0.038387694149542	0.0231501856877602	0.231104838361333	0	0	0.0479442029538607	0.0112296942025644	0	0	0.36749757638385	0.27364969777952	0	0	0
EVPs.in.Urine100	0	9.15783047061858e-06	0	0	0.491382003134823	0	0.0269902606750154	0	6.75766461832317e-05	1.64105794847602e-05	0	0	0	0	0.440800404905038	0	0.105851810243816	9.76606027770638e-05	0	0	0	0	0	1.63470976041191e-05	0	0	1.52348973553179e-05	0.00011949567331801	3.80277621947478e-07	0	0	0.074289931588006	0	0	0.000168471383869578	0	3.42156508967018e-05	0	0
EVPs.in.Urine101	1.48893274073357	1.79443679190143e-05	0	1.68091152447133e-05	0.104529511430998	0	0.00578102508032059	0.000220012019055704	0.000885504692286348	0	0	0	0	3.33459436349058e-05	0.606942437818285	0	0.0105290208138547	0	0	0.000165327508890684	5.96423881144674e-05	0	0	1.90687198050885e-05	0	0	0	8.72552223600942e-05	0.000180324156227912	8.02746758390537e-05	0	0.00221330174460648	0	0.000218207011452792	0.000198822592324105	0	0	0.000409585501827753	0.000165764068686636
EVPs.in.Urine102	0	5.69498959825253e-05	0	1.31887207798012e-05	0.529084855118583	0	0.00405497839781699	0.00024426999889472	0	0	7.18394361157691e-07	7.0642896668235e-05	0.154358689138471	3.24979221349112e-05	0.495736284453985	0	0.0392704316207494	0	0	0.000536653525567428	0	0	0	1.99664114395402e-05	0	0.538256046774597	0	7.37034381574674e-05	0	0.000102861628469231	0	0.0912679865105017	0	8.84489824149806e-05	0.00506676377434543	0	0	0.000363386065540633	0
EVPs.in.Urine103	0.14311439272722	0.00124952537277537	0	0	0.549722330660851	0.0291730392614731	0.105818114216073	0.00906519680744944	0	0.0471543827190991	0.0369681528717637	0	0	0	0.375237032728455	0.000779817089554151	0.128895760778273	9.56107227941608e-05	0	0.0668301265132213	0.0661253011762521	0	0	0.0933654484905161	0	0.0612483250590996	0	0.00118245239937545	0	0	5.31158545222649e-05	0.0732582726348389	0	0.0164715826513625	0	0	0.0332141029832973	0.0673018383107137	0.0134054418149994
EVPs.in.Urine104	0	9.02726954424282e-07	1.28272100915865e-06	3.90305527751128e-06	0.529777439725734	0	1.96402823795239e-05	9.47541089951764e-07	0	0	0.000219215864331573	0.000156617852320184	0.153879688594381	1.23512240021231e-05	0.35110578174079	0.000360587807993001	0.0576569398348566	0.000832951683303315	0	0.000178684934894202	0	0	0	1.25986701487724e-05	0	0.000268334097280665	0	4.22232445005111e-05	8.21154017143499e-05	0.000120432557251193	0	0.00940299921427849	0	0	0.00591959629111483	0	0	0.000110047778479783	0
EVPs.in.Urine105	0.402739486504027	0	0	0.0232961004784718	0.587446330754308	0.0515301250947597	0.34928307391069	0	0	0.23097922918362	0	0.066541336737317	0	0	0.494612656200326	0.0192517384531101	0.123289066955096	0.0577072334232185	0.0099109678599473	0.115888370775151	0.194834833655403	0.0178415042408217	0	0.104923988652025	0.077617084534229	0.0139250855703659	0.0512999952008984	0	0.429449821214117	0	0.00518321361369027	0.0560560951720831	0	0	0.325848892917213	0.132666277788847	0	0.235299070685645	0
EVPs.in.Urine106	0	6.32064475167005e-05	0	0	0.527168361018467	0.000516383588626559	0.0381884650283677	3.41666452662176e-05	0	0	0	0.000389237364621334	0	4.70656002458658e-05	0.465207056402153	0	0.0864587992736799	0.000104185245365054	0	0.000686683857248238	0	0	0	0	0	0.000126374800049678	0	0.000116775800268643	0.171210826519398	0	0	0.0195093336989353	0	0.000412730633536501	0.00937957652820917	0	0	0	0
EVPs.in.Urine107	0	8.70628940237983e-05	0	0	0.50724824837029	0.000152592618886394	0.00183584931152458	0	0	4.90805465499233e-05	8.0868621092689e-05	4.64074499797185e-05	0	6.45733027723472e-05	0	6.28688571642777e-05	0.0687284119272891	0	0	0	0	0	0	5.30522483752072e-05	3.04840997732425e-05	0	6.20670234161014e-06	0	8.36738153582595e-05	1.79386101239187e-05	0	0.00506827191447948	3.94529397740317e-06	7.72959156274122e-05	0	0.00283136198901215	0.00136394557184333	0	0
EVPs.in.Urine108	0	0	0	1.05690054000339e-05	0.532794535124493	0	0.0031208666901272	0	0	0.000340693237250319	0.000105397994311704	0	0.146960740900317	6.14423256987403e-05	0.327498155827378	0	0.0866585487621	0	0	5.37208103735014e-05	9.19066251783263e-06	0	0	1.00275703367122e-05	0.000102055492593163	0.000123473343875052	0	5.26246272905545e-05	5.22169899652261e-05	9.51690835602713e-05	0	0.0867191937881409	0	0	0.00379525779802561	0	0	0	0
EVPs.in.Urine109	0	2.55602485113027e-05	1.48322529771594e-05	7.43813599765608e-06	0.569279756040947	0.0139133097194147	0.0195286628197627	0.00027217564155968	0.000670290832205739	0	0	5.66577452089101e-05	0.138418768452433	7.76243548183952e-06	0.390705702565023	0.460200275991364	0.095095408761739	0.000409420904914581	0	0.00054038222444458	0	3.88629734594248e-05	0	0	0	0	0	6.10689512794693e-05	0	5.83169841755771e-05	0	0.0779260656876524	0	0	0.00451371561464531	0	0	0.000156414520192466	0
EVPs.in.Urine11	0.0622267149530692	0.0371839520693585	0	0	0.560462571932026	0	0.0176596873799088	0.0734118002747624	0	0.279160623940091	0	0	0.0241738453768898	0	0.428498409785295	0	0.19152855144446	0.0205300091995779	0	0	0.244434147953133	0.30757551131874	0	0.102820132940381	0.0152210084548882	0.0119038828697229	0	0	0	0	0.162239582873449	0.0611902370180043	0	0	0	0.122423981525882	0	0.206406019370303	0.171075818562435
EVPs.in.Urine110	0	0	6.11076447115666e-05	2.25088770112892e-05	0.488313650917319	0	0	0	0	0.00022009798972443	0.000394137280091439	0.000176676573416537	0	0	0.208301554335182	5.27659106248218e-05	0.109206903653627	3.27991289866686e-05	0	9.07266248084682e-06	3.23280566387196e-05	0	0	1.93020888063916e-06	0	3.9183239717841e-05	0	7.50126109152517e-06	0.0001004998654906	0.000108189442399403	0	0	0	0	0.00242388363531184	0.00205888739679652	0	0	0
EVPs.in.Urine111	0	0	1.75555636308267e-05	1.38325356634338e-05	0.440858547227494	0.107096156991222	0.00986624836285829	0	0.000311714047296375	0.000300065849172483	0	0	0	3.4800410269405e-05	0.294656369795573	0.000528726722435841	0.0683745956481411	0.00102722577848162	0	0	0	0.00292218417988964	0	0	2.86601555666826e-05	0.000684369182514341	0	6.50175239874217e-05	3.12398416306824e-05	4.73665818713342e-05	0	0.0322529932287801	0	9.64919193888868e-05	0	0	0.00053157757860359	0	4.16172744817488e-05
EVPs.in.Urine112	0	0	3.10183418185169e-05	2.24131075409195e-05	0.521585034232134	0	0.00656410970832592	0.00026820756142952	0.000259800896017848	0	0	8.35909578083549e-05	0.135394275755775	3.34308560266949e-05	0.308634438769339	0	0.0155195140446217	0	0	0.000492404242133399	3.94085245769282e-05	0	0	0	0	0	0	6.97462805112209e-05	7.23821496247667e-05	7.06698225571289e-05	0	0.0788640318930447	0	5.17932574279761e-05	0.00377880890402775	0	0	0.000339243672916975	0
EVPs.in.Urine113	0	0	0	0	0.522973696101499	0	0	0.0158781548035144	0.00085370180636013	0	0	0.00496185203428917	0	0.000209961159210376	0.416544767120966	0	0.16427670859823	0	0	0.024809326542865	0.000160775590065764	0	0	0	0.00357148632449555	0.336849190836601	0	0	0.000434352357527451	8.11420703918375e-05	0	0.0156951742159095	0	0	0	0	0	0.300485464972883	0.288591958098299
EVPs.in.Urine114	0.42623662670417	0	0	0	0.573877104855226	0.00249778545211757	0.0642295064274124	0	0.00637966305660237	0.154364132713545	0	0	0.199943581519097	0.00408291921381224	0.0689020929515436	0.000204497749580826	0.139791771940514	0.142152157172742	0	0	0	0.000429730776121323	0	0	0.0635086111783628	0.0403712316295509	3.46450562289033e-05	0.325739763659798	0	0	0.0174064310704024	0.162994995317785	0	0	0.14916088027399	0	0	0.539604622643693	0.288936423796397
EVPs.in.Urine115	0	0.00117878280069603	0	0	0.522484868214443	0.215558046046811	0.207216916183684	0	0.00357374725647924	0.00248507323679417	0	0	0	0	0.418982124138864	0	0.103369095638612	0.250183113212248	0	0.0013846400935178	0	0	0	0	0.0049742669281298	0	0.109249874364218	0	0	0	0	0.00517719359596673	0	0	0	0	0	0	0.515559786575535
EVPs.in.Urine116	0	0	0.154859033386273	0.0345553742660762	0.345368407003064	0.0703372819342684	0.278359325666705	0	0	0.0543164581643108	0	0	0	0	0.329951690615741	0	0.0898211894115661	0.121836643041185	0.0274341877690644	0.213798685649485	0.0385968219772659	0.00880761465263247	0	0.00504599160772543	0	0.0055961322930542	0	0	0.0147522048519519	0	0	0	0	0.103194310245404	0.347180729239645	0.082925727930906	0	0	0.177934100742029
EVPs.in.Urine117	0	0.134498456764127	0	0.0237141353904455	0.533843264976284	0	0	0.0459960841849539	0.01245453643775	0.427669495729729	0	0	0.342093697225754	0.000844345347770531	0.0365086540111621	0	0.116175836433473	0.149734653950628	0.0138661742094045	0.122158045252475	0.0804738065564787	0	0	0	0.242232915031253	0.0633620831595621	0	0.11780444295502	0	0	0.0608898503590638	0.198578421557776	0	0	0.0578355076054937	0.15366467883744	0	0.824098721977473	0.65236292993261
EVPs.in.Urine118	0	0	0.0171486122628492	0.0190166582184615	0.536562893615394	0	0.163051311072051	0.507368449636809	0	0.118833489906924	0.0739229588301465	0	0	0.0597847560957198	0.432061993279572	0	0.178184462309547	0.367095149233475	0.0159042962060259	0.273108927145014	0.0495234161087517	0.0555289880429949	0.0149820452932823	0.0135369697975746	0	0.0619366422039626	0	0	0.00739867328369245	0	0	0.0191647196081978	0	0.0958109260827429	0.379162555136513	0.0411288356207624	0	0.0794807000686523	0.266804730941755
EVPs.in.Urine119	0	0.000292511268285944	0	1.54727891382156e-05	0.0116925794134471	0.0058862998638826	0.0123740625032026	0.00426547290826468	0.00457645269076487	0	0.000597686101106831	0.00223643754989042	0	0	0	0.000104090720105629	0.000400076801854974	0.000115729373082268	0	0.00653206685821209	8.9912697248673e-06	0	0	1.14514805235055e-05	0.000309716480580202	0	3.88831776415924e-06	0	0	0.000283713238743655	0.000105408541304149	0	0	0	0	0	0.0029469421573449	0.0768917311280229	0
EVPs.in.Urine12	0	0.00271333708092311	0	0	0.532589001248246	0.000390339778897044	0.504873176675657	0.000758737077036137	0	0.0129703677336559	0.0287600567653671	0.00850608605518999	0	0	0.111617142392154	1.7340109032437e-05	0.15995063790388	3.67464299764891e-05	0	0.0226952581403538	0	0	0	0	0.00982217724473872	0.0975569626833827	0	0	0	0	0.00165598265077785	0.0720766911821633	0	0	0.311575351937428	0.148274464855506	0	0	0.0708803578814634
EVPs.in.Urine120	0	3.41491208195451e-05	0	3.11108739092182e-05	0.529247769289409	0.000249114409941714	0	0.000272760095084778	0	0	0.00261593119867461	0.000141700858277019	0	1.94589777906461e-05	0.0362456211134732	0.000125030326788997	0.138179747168701	5.40312148124278e-05	0	0.000289702038487869	1.35170517396938e-05	0	0	4.50513561910452e-05	0	0.024994133019188	0	4.10917189133966e-05	0	0.000136490762856671	0	0.00457079210694225	0	0.000439419269307373	0.00950392093676595	0.00397409492418008	0	0	0
EVPs.in.Urine121	0	0	4.58812658973157e-05	0	0.160146045961799	0	0.00759171186011828	0	0.000393927275382708	0.000223129696360215	0	0	0	4.60609359142425e-05	0.571888692801715	0	0.0532884236670897	0.000178773941267025	0	0	0	0	0	3.25485244458829e-06	5.21482636728042e-05	0	0	7.61459708162222e-05	0.000104198186795201	0	0	0	0	7.85549797968008e-05	0	0	0.000462602061023658	0	9.91119770809394e-05
EVPs.in.Urine122	0	9.0156377857642e-05	0	1.52953709874337e-05	0.516566858146551	0	0.0778884586263653	0	0	0.0184770088769069	0.00246680549288819	0.0111613577686101	0	2.21170729379216e-05	0.469933875057756	0	0.0377297357281088	0.000113226263706745	0	0.0219416768496024	0	0	0	1.29381299410203e-06	0.00345213861334884	6.89220373990898e-05	0	3.33419126158363e-06	0	0	0	0.00802324298496636	0	0	0.04115397694484	0	0	0.0185709828066484	0
EVPs.in.Urine123	0	0	8.085161086957e-05	1.93335787995741e-06	0.291067588309505	0.00788283418097116	0	0.000268369809735131	0.000190319168629299	0	4.87465422765176e-05	0	0	1.82495138737748e-05	0.360342171346748	0.0012573822931745	0.0846926118926259	0.00233289434551232	0	0.000447020530519704	2.33392719718173e-05	0.00143259215858627	0.00120369025345479	4.94145939111679e-07	0	0	0.000511933292671782	8.68645603739338e-05	0.00143063964174936	6.89493440607647e-05	0	0.0639084847960901	0	8.06512755613387e-05	0.00474686596211271	0	0	0.000583325974121862	0
EVPs.in.Urine124	0	0	0.00901709410702742	0.000134159377910309	0.550613606426056	0	0.695757471032847	0.473693203778879	0	0.119028636114798	0.085251267227165	0.000566091693816967	0.0205803029710784	0.00785358565255451	0.370917592890855	0	0.207644569675828	0.0617867595697594	0	0.109549361149467	0.0469164235733619	0.00024012961355338	0	0.0586896076478861	0	0.0871141472782431	0	0.258328145387488	0.0188600380486429	0	0	0.0129459829863498	0	0	0.221456785080993	0.0320384232841708	0	0.0653329643468883	0
EVPs.in.Urine125	0	0	2.70547171497271e-05	2.51305955665249e-05	0.512373959348503	0.000241957886986263	0	0	0	0	0.000264196333302741	0.000182594403129233	0	2.64854441933415e-05	0	0.000108595997821551	0.0953047433291564	0.000153096066034739	0	0.000128299667189913	1.75125891586567e-06	0	0	0	0	4.52311070259781e-05	1.89381793355911e-05	0.000117760451906535	0.0244173979287862	0	0	0	6.03795102162713e-05	0.000122703730098067	0.00114947461075274	0.00096666333252976	0	0	5.86541653642414e-05
EVPs.in.Urine13	0.207298654508762	0	0.00615569887054537	0	0.561625892701199	0	0.543103432619909	0.00157619672145667	0	0.0585568210829822	0.0306624526484549	0	0	0.000170748249999408	0.226025105202929	0	0.178362657375026	0	0.0755169590057734	0.0136902919398005	0	0	0	0	0.0137522635537087	0.0971098197182632	0.0345711155010005	0.00084800819756356	0	0	0	0.0318460988501943	0	0	0.264816177783639	0.114775166257855	0	0	0
EVPs.in.Urine14	1.00097713044185	0.0201649840862553	0	0.0248874993252618	0.552403980655557	0.0196204888315735	0.102521184380076	0.225984653153149	0	0.0395360713452557	0.0844048405933523	0.0651186377327346	0.13287264277359	0	0.701366328547036	0.00134396766943519	0.0516960492719953	0.00290483917698912	0	0	0.214746252900091	0.103394184073875	0.0555184899773559	0.0630484898132287	0	0.223966902299452	0.00324775306116286	0	0	0	0.024129304313778	0.0738386652317128	0	0.0350510652239699	0.0923109927210911	0	0.0400377096524323	0.0417848124791946	0
EVPs.in.Urine15	0.136482283354621	0.0112320790105382	0	0.028517737159834	0.523230297871883	0	0.739127670469062	0.127531955790721	0	0.246438580253306	0	0	0.0833548710942417	0	0.51508869255229	0	0.124489000591921	0	0	0	0.117264295269067	0	0	0.0474079906694744	0.213251000520649	0.0777708951536597	0	0	0.518986453351243	0	0.00624954035582738	0	0	0	0.110251108762088	0.270881687120691	0	0	0.328064623457447
EVPs.in.Urine16	0.00292401726062577	0	1.20232544106591e-05	0.0298686370056052	0.533871743853215	0.00103725958333849	0.253807013910215	0.278610757746553	0.156268799726002	0.219093215138777	0	0	0.0223794778708601	0	0.508726439986003	0	0.109227101960907	0.000340382456739667	0	0	0.0233508919021753	0.0791376990313481	0.00595700398426146	0.0743911772033486	0.153253980005695	0	0	0	0	0	0.0396750421540912	0.00601204048130165	0	0	0.355507549970679	0	0	0	0
EVPs.in.Urine17	1.21435822466076	0	0.00452148438916347	0	0.570599996000313	0.347904466238974	0.225897000281664	0.00180375992306511	0	0.0325690838516215	0.00548174824229114	0	0	0	0.213456743042081	0	0.134308055333038	0.0417435928551822	0.0143762888525629	0	0.115191262843906	0	0	0.0844333076412321	0.0145693756741849	0.180295152170132	0	0.00235661125984724	0	0	0	0.00878543358601196	0	0	0.307510254807463	0.0140789171723278	0	0	0.311967627116298
EVPs.in.Urine18	0	0.00180965425194704	0	0	0.371255514671146	0	0.386933571794792	0	0	0.063257158014208	0.0320199419295829	0	0	0	0.475420990588014	0	0.0604375145344261	0.000136243337450947	0	0	0.126866443140941	0	0.00720336582555845	0	0.0155643099722693	0	0	0	0.375214230122674	0	0	0.0047031435193755	0	0.0312713277018301	0	0.0309430852935327	0.181471570774937	0.930671885973929	0.115766438272668
EVPs.in.Urine19	0	0.00239579651043922	0	0	0.530658616877493	0.0602799295305319	0.530665712838169	0	0	0.272197053761396	0	0.00479171866864131	0	0	0.545102527932451	0	0.150715457073849	0	0	0.135241023392005	0	0.000144258592430516	0	1.8641204383496e-05	0.0725470670399966	0.0860214622180389	0	1.299126998211e-05	0	6.68881112731445e-05	0.0149027132949167	0.00473924185275904	0	0	0.33476508173535	0.010088845517345	0	0.46890729144593	0
EVPs.in.Urine20	0	0	0.0652814161757858	0	0.529799141050122	0.00144430775819286	0.87818413922377	0	0	0.364051096832931	0	0	0	0	0.28299313127876	8.08490241173548e-05	0.124890206491329	0.000178176427786753	0	0.0241958004365661	0.00142224042348131	0	0	0.00344403265670939	0.0511508855279197	0	0	0.287605985000945	0	0	0	0.019257625899485	0	0	0.611613605597608	0.427091863113177	0	0	0.0590213785072481
EVPs.in.Urine21	0	3.79944272906468e-05	0	0	0.492764214878555	0	0.178720425468749	0	0	0	0	8.7975160383516e-05	0	0	0.632149931269729	0	0.116346070357199	0	0	0.00107114354306419	0	0	0	2.77829529238341e-05	0	0.26182384199387	0	0	0.252270529544253	0	0	0.0344090669643594	0	0	0.0273705313140821	0	0	0	0
EVPs.in.Urine22	0	2.61815873259241e-06	1.9906340110773e-05	0	0.505609736871017	0	0.0266916365334842	0	0.0001620149111696	0	0	0	0.201905048087194	4.76844639818175e-05	0.333103865588201	0.33159258794919	0.106459789137217	0.000278508764049681	0	0	1.1050609594318e-05	0	0	6.15009106304243e-06	0	0	0.148142568104475	2.6169538336035e-05	8.72763939149812e-05	0.000233203425870077	0.00764017972311193	0.0556350960427819	0	0	0	0.00131217328963262	0.000956363801453003	0	8.52075144166242e-05
EVPs.in.Urine23	0.856789298414012	0.00818412694125473	0	0.0263145872883659	0.547719143058739	0	0	0.142678106982488	0	0	0.0516799353952291	0.0684191242517239	0.104043927189501	0	0.667591674052577	0	0.0990711393166275	0	0	0.394366870101421	0	0.138998531946534	0	0.104627013675136	0.117031806506635	0.00204229133049838	0	0	0.00206243345699322	0	0	0.0792195958238556	0	0	0	0	0	0	0.396069220128618
EVPs.in.Urine24	0.68708740694968	0	0	0	0.586119823114633	0	0.249725601063947	0	0	0.0899838902066842	0.113422733327963	0	0	0	0.41355006173098	0.00313998564284816	0.173324805190403	0.0146020009816717	0	0.000723859996435539	0	0.41767052574084	0	0.00654333002316437	0.605603602535524	0.0229623151621085	0.0148062475341722	0	0.0242803341312764	0	0	0.121767829388238	0	0	0.329511305389247	0.204210400440809	0	0.310037063618177	0
EVPs.in.Urine25	0	0.00505953466161182	0	4.92909797835672e-05	0.549822594164139	0	0.152439261575923	0.00289213037201014	0	0	0.00798518969892126	0.00918993332250444	0	9.52682203299582e-05	0.414145169908892	0	0.0853675516085043	0	0.0681836253826891	0.0100546971059765	0	0	0	0.000103761313698909	0	0	0	0	0	0.00308194178320509	0	0	0	0	0	0.0202255208731496	0	0.119319735044758	0.0421894614492155
EVPs.in.Urine26	0.960050744482742	0.00243356365792835	0	0.00442416768761311	0.584347549416878	0	0.450694578858648	0.0759857981043142	0	0.0496312367969335	0.0337787388799533	0	0.0230891395025043	0	0.538047403884604	0	0.1354514526157	0	0	0	0	0	0	0.0532211561014999	0.0810765816330275	0.118403968466793	0	0.00228031012765154	0	0	0	0.0486637143175747	0	0	0.133970992345748	0.160942014280682	0.00465230570817238	0.181856048809293	0
EVPs.in.Urine27	0	0.0489648324520843	0	0.0136327849812229	0.325555578123876	0	0.405431183266911	0.401973189105359	0	0.185970479629142	0	0	0.0208063201028155	0	0.31230940376903	0	0.134646618526043	6.68509050835708e-06	0	0	0.169128386747423	0	0	0.0489411806443726	0	0.165881076340426	0.0178680476617714	0.000200778817460695	0.0448564449700609	0	0	0.0349620635529003	0	0	0.335686221937924	0.0654303932801419	0	0	0
EVPs.in.Urine28	0.240831685182289	0.0434335152268487	0	0.0317318071442934	0.553952301947149	0.0107694930962155	0.420610851627302	0.57976887950066	0	0.457419330207547	0	0	0.0260043204672565	0	0.421647069369133	0	0.162044962115372	0.121977071172649	0.167887240240798	0.0386628161210888	0.120393678114351	0	0	0.0089657987934037	0.0350972861038246	0	0.00844206502054347	0.242692109524728	0	0	0	0.146082730789706	0	0	0.102251315190661	0.198582084697078	0	0.71242248914157	0
EVPs.in.Urine29	0.278074625900503	0.012247670743994	0	0.0146415534624973	0.571385156554883	0	0.673013806750427	0	0	0.273538983587266	0.218544351666774	0.0359248852072808	0	0	0.537417033282363	0.0303558642364038	0.187985430699877	0	0.356320012215645	0.0307068218865618	0.0136789495640185	0.0271922770543039	0	0.00256786123204972	0.0873450569736693	0.12982743082133	0.123782663004296	0	0.400298914035445	0	0	0.0333936174564668	0	0	0.479091396025599	0.313552849086886	0	0.37007183573373	0
EVPs.in.Urine30	0.123729468843392	0	0.000151428670177263	1.790960932746e-05	0.510993378935817	0	0.00589321270702699	0	0	0.00268295753962031	0.00129017364820833	0	0	1.94857719569216e-05	0.0207964098366979	0	0.0590362137746534	0	0	0	9.29742274920035e-06	0	0	8.41936725073933e-07	0.000282661089562999	0	0	0.000109666592115067	0	8.55962073193425e-05	0	0	0	0	0	0.0102303182207724	0.00355306784803449	0	0
EVPs.in.Urine31	0	0	0	0	0.524621227648639	0.00378457757977246	0.205895809021735	7.42813746913706e-05	0	0	4.09750133783526e-05	0	0	1.93080445724803e-05	0.394340836431922	0.00053723728825858	0.0711933315732446	0.00128701747221556	0.00756549832097525	0.00459126447197061	0	0	0.000169352719481611	1.67682054075247e-07	0.00173335233449837	0.000447328133343625	0.000235899750501783	8.741334326684e-06	0	0	0	0.0379138975117372	0	0	0.138498076978888	0	0	0.296051630159285	0
EVPs.in.Urine32	0	5.33002074588663e-05	0	1.90707286594667e-05	0.0872443836472331	0	0.00171367221343881	0.000220276946887016	0.000838875330425375	0	0	0	0	1.43146136565974e-06	1.12998298862604	0	0	0	0	0.000268870144677527	8.05427885989738e-05	0	0	3.18115117326281e-06	8.69107469773814e-05	0	0	9.31664838816141e-05	5.91401151150361e-05	0.000118648027044932	0	0.00165895423389721	0	4.85328408683163e-05	0.000231652653251087	0	0	0.000545550768087124	9.0523252411765e-05
EVPs.in.Urine33	0	0	8.09834802712344e-05	1.03201055653697e-05	0.539650255045475	0.122542741053171	0.0103164721900249	0.000244734249199587	0.000818057178807657	0.000268030074277853	0	0	0.136229381734555	6.0439579565304e-05	0.495494425781781	0	0.136731779929917	0.000269202124216605	0	8.1789101345868e-06	0	0	0	9.01945814002578e-06	0.000137781078364829	0	0	3.53936678419015e-06	0	0	0	0.109885217074768	0	0.000106587996567952	0	0	0.000323291779674509	0.000539255855100714	0
EVPs.in.Urine34	0	4.92658162969464e-05	0	2.37449082626448e-05	0.530025996229894	0.0793891446819614	0.00236923408687164	0.000166671153504015	0	0	8.64639106297679e-05	0	0	4.08875085419202e-05	0.474121681224133	0.000420316578556845	0.0551358497829513	0.000910946493191497	0	0.000387139580784172	8.57898828757683e-05	0	0	1.5607590461604e-05	0	0.000286447519256439	0	0	3.3258248801217e-05	2.95746398958838e-05	0	0.0309600832236434	0	0.000123666237042012	0.0035824296398483	0	0	0.000301570230170314	0
EVPs.in.Urine35	0	0	7.66161268114908e-05	0	0.00642858975374235	8.93473782605236e-07	0	0.000243583058671031	0.000812357349981817	0.000503223956521274	0	0	0	2.00081998679193e-05	0	0.000180700433449227	1.42108829279744e-05	0	0	0	3.55372644062018e-05	2.15966630541728e-05	0	0	0.000202479671582239	0	3.20407105682784e-05	0.000135683864426775	0.00309274227092511	0	2.50776762815916e-05	1.88080685694508e-06	0	0.000139678473377799	0	0	0	0.00236880958867561	0
EVPs.in.Urine36	0	0	0	0	0.508787540446683	0	0.181828634477025	0.460519104986331	0	0.302856820413412	0.163878092022055	0	0.0581565422781895	0	0.529024476526525	0.0661622720312926	0.0781981518530747	0	0	0	0.202195434851357	0.0650723536968994	0	0.0805497342995511	0	0	0	0	0	0	0	0.0609812970469346	0	0	0.34984286621099	0.00121439779188517	0	0	0.398354424940668
EVPs.in.Urine37	0	0	1.32105722572273e-05	1.33885440529169e-05	0.51408959795432	0	0.0244377959969612	0.000211826759035208	0.00100783734404968	0	0	0.000197363024260488	0	3.42848162247777e-06	0.695770406213654	0	0.128844940563139	0	0	0.000281096568193612	3.8755269336388e-05	0	0	0	0	0	0	6.68731081431007e-06	0.000244818681622683	0.000215495456326861	0	0.0423408736527781	0	0	0	0	0.000426519710768042	0.00018088635800112	0
EVPs.in.Urine38	0	0	2.56508087539003e-06	1.65420479485666e-05	0.334519418601316	0.000665729480820762	0.00270841576127996	6.60763187327078e-05	0	2.76646541576607e-05	5.35495373862155e-05	0	0	4.10962725540168e-05	0.195045119822691	0	0.0702900708726388	0.000309275938914944	0	0.000281528074814341	2.42680423432656e-06	0	0	0	0	0	0	7.82267895045684e-05	0.00137372111583731	4.72916860903231e-06	0	0.0299404768822963	0	0.000121050331952931	0.0053535713994231	0	0	1.5528548449384e-05	0
EVPs.in.Urine39	0	1.94232968692707e-05	0	1.78409914879671e-05	0.167328336220881	0	0.00469282431950389	0.000152137940795335	0.000439916880899772	3.32689143377994e-05	0	0	0	2.99817751180046e-05	0.812399135560201	0	0	0	0	0	0	0	0	1.17760528043969e-05	0	0	0.000334243063189341	8.112004070456e-05	5.24277408104077e-05	0.000189367830059907	0	0	0	0.000263486454007184	5.85530122395291e-05	0	8.13230047316971e-05	6.38999336098891e-05	0
EVPs.in.Urine40	0	0.00702864966552544	0	1.87642677327016e-05	0.53007365904739	0.000517966376128068	0.264014607883123	0	0	0.0143713361470858	0.0102068590071447	0.0072231340683489	8.78524868758168e-05	0	0.467987922132373	0	0.0912317658663083	0.000107937360229002	0	0	0.0232578965054056	0	0	0.0884375216761651	0.00366585218494367	0	0	0	0.00673874631687518	0	0	0.00221718987306671	0	0	0	0	0	0	0.39364783300899
EVPs.in.Urine41	1.00107759262438	0	0	0	0.620967543436945	0.00740538107821782	0.517056392486616	0.299297263342765	0	0.219703076500622	0.0730791239080198	0	0.0284729711944388	0	0.494073023050126	0.000157127836418136	0.0821234281549646	0.000175535229109153	0	0	0.133086999947372	0.501805588279879	0.073496148011971	0.052082853824902	0.00305071181158068	0.199898827329787	1.06520686432438e-05	0.00164506556602659	0.0462777916895359	0	0.0100559807916086	0.0460494542543569	0	0.0599005048002497	0.330667668470314	0.315799066681612	0	0	0.0276066373596153
EVPs.in.Urine42	0	0	0	1.6403541154769e-05	0.303508968942878	0	0.00825574255972942	0	0	0.000111894071237953	0	0	0.0077441333751727	1.88040967881584e-05	0.363472459805018	0	0.0524839603901935	0.000128977894259301	0	0	0	0	0	0	0	0	2.67412666571879e-05	0	0.330572592395211	0	0	0	0	0.000447026880288517	0.00439106245868899	0	0	0	0
EVPs.in.Urine43	0	0	1.3431518086221e-05	0	0.548398934116946	0.000529174558358061	0.00928507892770522	0.000404054780023339	0.000360579432199803	0	0	6.99616618752563e-05	0.222496380080424	6.76839956358366e-05	0.0660585890112149	1.9412171175251e-05	0.118677362895306	0.000178388495426424	0	0.000496784391721961	0	0	0	2.33978600933105e-06	0	0.000145696773149878	0	0	0	7.88543589183011e-05	0	0.219150335518144	0	2.84731420064077e-05	0.00316540066285456	0	0	0.000557561805930251	0
EVPs.in.Urine44	0.678817493635402	0.0079598478209936	0	0	0.573557015270484	0	0.656219171453844	0	0	0.0351055792182029	0.0130478138006488	0	0.267363484200322	0	0.295708071424564	0	0.150601849256999	0	0	0.00403903174987327	0	0	0	0	0.00170519301314406	0	0.0501889833086189	0.408473417445093	0	0	0	0.228437281027326	0	0	0.148003233800614	0.00547008117317743	0	0	0
EVPs.in.Urine45	0	0.004479618256363	0	0.000413107057406936	0.513458491660206	0	0.267109531335255	0.0106363623437197	0	0.0204817488491456	0.012335181578133	0	0	0.0013341988795916	0.441484987904637	1.2702795115685e-05	0.110314447607679	0.000118272957953566	0	0.00881775553995157	0	0	0	0.0528838824718519	0	3.20702014614815e-05	0	0	0.00486170011960449	0.00414924399910671	0	0.000490422238633575	0	0.00755935530356189	0.244291492217787	0	0	0	0
EVPs.in.Urine46	1.51818792917305	5.89855799883326e-05	0	1.41459727732093e-05	0.190180450820419	0	0.00275629758848931	0.000285771997196061	0.00047327739360245	0.000535911284776097	0	0	0	0	0.778616718794105	0	0.0121551398927081	6.3260614565519e-05	0	0.000157160415637228	0	0	0	1.67295418929273e-05	3.3562691817696e-05	0	0	0	6.52868467695272e-06	1.42439500279944e-06	0	0.00250394443326488	0	0.000279887787729612	0.000531764069769158	0	0	0.000497744716310256	0
EVPs.in.Urine47	0.00237858597027793	0	0.0554340136435783	0	0.0522149920421459	0.00332977776659088	0.256624741855358	0.245702362630787	0.0406516225896792	0	0.0103672902261272	0	0	0	0.169439898399221	0.000263081751770394	0.137265056538433	0.0280149825304369	0	0.0579727209590789	0.111855201127374	0.00040049986811995	0	0.048469860554923	0	0	0.0169084677507781	0	0.607042281007924	0	0	0.0211575437008563	0	0.0277708367744879	0.353228964078844	0	0	0.0608466044289946	0
EVPs.in.Urine48	0.415990644155822	0	0.158387776047776	0.0270320803390111	0.279703172033076	0.0245630942094798	0.0513880062928665	0	0.0194197138370362	0.52102033017789	0.0193672385909456	0	0	0	0.505697238976729	0.000243323776708839	0.10614952398537	0.00078411699257058	0.0254239712849254	0	0.141920101344072	0.00150606866657056	0	0.0507049239029305	0.295425983345106	0	0.000100284752043758	0	0.336035088413794	0	0	0.00269327886285433	0	0	0.214397805919618	0	0	0.33473161902909	0.426065378122157
EVPs.in.Urine49	0	0	5.70969117253128e-05	1.96163814802919e-06	0.132565183934707	0	0	0.000245391753771237	0	9.57933177500869e-05	0.000281754151073149	0	0	1.8982807965473e-05	0.708720125574442	0	0	0.000384348398064893	0.00431501365903668	0.000287178101985114	1.20544888720098e-05	0	0	1.94488916512858e-05	0	0	0.263781500054587	0.000108659370475522	0.00159027354927102	8.23306504475485e-05	0	0	0	6.17511812394944e-05	0.00341465940111899	0	0	0.000165508334867226	0
EVPs.in.Urine50	0.570891631398824	0	5.50210180908228e-05	0	0.252872781153445	0.325312291688391	0	0	0	0.000241861062324572	0.000402163618777873	0.000190484092639553	0.28201431752196	3.90496368728732e-05	0	0	0.0059748279118568	0	0.0621951644772465	0	1.75433539613759e-07	0.342076055316776	0.0181053258123876	1.71066765139449e-05	1.41857820883107e-05	0	0	6.47789619409866e-05	0.000175790281808336	5.27333564541987e-05	0.040317228103039	0.158806476504185	0	0.000127024038466095	0	0.00314659863177025	0.000457800990349894	0.000492927558769868	0
EVPs.in.Urine51	0	8.19831527197785e-06	0	9.17056484172132e-06	0.475430646954161	8.3671296647464e-05	0	0	0	0.000116406747367088	0.000169739892932095	0.000139505028747423	0	4.20330736576428e-05	0.532528401777291	0	0.0720390428908575	0.220327011558521	0.252448210558888	0.00014679693649482	0	0	0	7.75116391215844e-07	0	0	0	0.000113147562454497	0.0682562797908662	0	0	0.0241051859456215	0	0.000319002882736247	0.00024452935994328	0.000986536504916442	0	0	0
EVPs.in.Urine52	0.0565396446037131	0	0.000146405939429457	2.0164490869598e-05	0.542810915682579	0	0	0.000164622017375719	0.00117002894539626	0	0	0.000177757428926008	0	3.85481114809887e-05	0.467157352921651	0	0.0320412202198691	0	0	0.000463686824369957	0	0	0	3.77414086331039e-06	0	3.38477643602175e-06	0	7.58254980644663e-05	0.000212348819784516	9.83151560106019e-05	0	0.00774048935090822	0	0.000144996212142185	0.0110377868555964	0.0121476323228944	0	0	0
EVPs.in.Urine53	0	0.000235063630606408	0	1.02555901324575e-05	0.52606931317217	0.577427837046148	0.178015127612398	0	0.00131478945975291	0	0	0	0.217505895861679	0	0.396116541524572	0	0.150706878690749	0	0	0	0	0	0	0.000160928748398625	0.000439106032811276	0.241448980033475	0	0.000118271216861865	0	1.1091195905949e-05	0	0.235193155856729	0	0	0	0.0014959843818162	0.0016226826217984	0	0
EVPs.in.Urine54	0	2.0040374298645e-06	1.55217216029994e-05	1.48315657459685e-05	0.524302864936798	0	0	0	0	0	0.000426839383684029	0.000331920513495918	0	2.7677738074957e-05	0.49608804155477	0	0.156903642886853	0	0	0.000114423980681334	6.8625276094437e-05	0	0	0	4.57514530650151e-05	0.334021896227329	0	4.95527401810537e-05	8.473017233563e-05	0.000132659202598088	0	0.00700409371390795	0	0	0.000260187865941213	0.00274950789576714	5.19576150085713e-05	0	0
EVPs.in.Urine55	0	0.0926433996442721	0	0.0301555760158887	0.545029861819628	0	0.190474088757299	0.298657789625892	0	0.120104565335592	0.10284079951803	0.11511046765354	0.29264673305709	0.0432226334416757	0.830525226147884	0	0.143111341213891	0	0.0408705084655805	0	0.124031409422921	0	0	0.081793137265531	0	0	0	0.094368212777533	0	0	0	0.308699309332423	0.0222530302532508	0.12333236893768	0.520474236458719	0	0	0	0.72988864806002
EVPs.in.Urine56	0	0.0412096144242374	0	0	0.551563952297395	0	0.748379461163534	0	0	0.131665009186997	0	0.028491448062332	0.0152435046964665	0	0.667347754243516	5.81845277964247e-05	0.133058418089236	5.47451509656338e-05	0	0.0693284802046449	0.170947609580096	0	0	0.0636436927424354	0.0319920150710874	0	0	0	0	0	0	0.175916871351852	0	0	0.422806526152147	0.0744761765759898	0	0.189058811272279	0
EVPs.in.Urine57	0	4.34054559886599e-05	0	1.25329824705867e-05	0.519059583170829	0.000839200044500013	0.23060285271835	0	0.00365264811875732	0.00256998547809303	0	0	0	0	0.105321933512528	0.000174166544356091	0.120316604400877	0.00034220630775994	0	0	0	0	0	0	0.00214835479908196	1.32413969758383e-06	4.35626457505542e-05	0.000215923878664148	0	0	0	0.0022995110988292	0	0	0	0.00302296112773578	0.00756616649130595	0	0.000372104828612968
EVPs.in.Urine58	0	0.000431329590915797	0	0	0.53037722329997	0	0.101071775321267	0	0	0.00389168050694855	0.00314178929516551	0.000648109567435218	0.00729606754494748	0	0.709066262407256	0	0.222679862982085	6.41275568728367e-05	0	0	0	0	0	0	0.000376321569975274	0	0	0	0	0.000183395264282626	0	0	0	0	0	0.00646189548754206	0.011279025199375	0	0
EVPs.in.Urine59	0.00810555612689028	0	0	0	0.533090205180665	0.0281163174494955	0.642702655032528	0.00736027145626503	0	0	0.00446873992905206	0.00622760441947173	0.0163927409441087	0.000149574166374761	0.366004907792522	0.00257242041676184	0.14156946508196	0.00122296406859727	0.00237402911088553	0	0	0	0	0	0.00241185447231421	0.000677542806105075	0.0227043903708795	0.158226459994289	0	0	0.0602546639301247	0.0427710456593812	0	0	0.0724918372726122	0.0984356192262698	0	0	0
EVPs.in.Urine60	0	0	0	0	0.533076836749005	0.0370132623890609	0.458366587405162	0	0	0.0119100674427618	0.0119088364851761	0	0	0.00030324367299478	0.152778391361299	0.00416313074330979	0.165283943874746	0.00129957541205294	0.00323313236753987	0	0	0	0	0	0.00592531219708336	0.0965383415905152	0.0104525910778101	0.0308367112029365	0	0.00204024304932943	0.0293009684014163	0.0761148429819375	0	0	0.0788126589528384	0.10040840965827	0	0.115863916558418	0
EVPs.in.Urine61	0	3.97755037122235e-05	0	0	0.519854117551048	0.0903310605170301	0.0313601036370498	0	8.58635050966158e-05	0.000477575471195417	0	0	0.285385211673963	0	0.470595069115354	0	0.130894064185256	0	0	0	2.17821799538415e-05	0	0	4.80397254261355e-06	2.95200540140136e-05	0.259680786554452	0	5.249236921228e-05	2.36958020679509e-05	4.1090083960825e-05	0.015736634379067	0	0	0	0	0.00154089840079859	0.00104903442576914	0	8.63931746771171e-05
EVPs.in.Urine62	0	0	0	0	0.537662553620714	0	0.268617794964266	0	0	0.0162938741299226	0.00206103677904998	0	0.348225495113464	4.25056642931188e-05	0.544132323492519	0.0739779383660507	0.110514093774158	0	0	0	0	0	0	0.000608874603854392	0	0.100735354933561	0	0.000151382753916046	0	0	0.0585681890024928	0.0373265795617876	0	0.00617671502063044	0	0.0582990518569087	0.0179504566406383	0	0.000551415178706299
EVPs.in.Urine63	0.0519289435205149	0	0	0.0203145813172611	0.554839677417756	0	0.514572103928648	0.0436126220060791	0	0	0.0627342102453343	0.000336135745671498	0.342761351623644	0	0.43164394679111	0	0.188504493533725	0.183763347617516	0	0	0.088452209880245	0	0.154760841866688	0.116709776653485	0	0	0	0.175053947018586	0	0	0.0153536862223824	0.346426041679094	0	0.0228091481710487	0	0.109845994408291	0.0273549201481206	0.284963857628194	0.110905604467347
EVPs.in.Urine64	0	0	0	0	0.54507143545757	0	0.733240684463031	0	0	0.0189074765196679	0.00650509229047952	0	0.0591778651026968	1.35081907843004e-05	0.626502453377059	0	0.167105292058472	1.55588756619585e-05	0	0	0	0.206425031743201	0	0.102802783450253	0	0.0477736137114704	0.0579069796446104	0.00251243230460108	0.0043133822306867	0	0.0204532561598757	0	0	0.00509665786227223	0	0.187096616905723	0.0647111412870549	0.0310368706333014	0
EVPs.in.Urine65	0	0	0.00278065664485699	0.00543856668801929	0.546645850888878	0	0.297571868015007	0.0881746457793126	0	0.0369608023362572	0.0427916557791719	0	0.0186404724087745	0	0.49711337216781	0.000190476449604543	0.13920857569624	8.71536084326996e-05	0	0	0.135740907577472	0	0.00350088524696902	0.0604377425650063	0.0799570405376447	0.0226323219348221	0.0192412857283219	0.00590554992300465	0	0	0.0287177651534314	0	0	0	0.00316861702494434	0.0345803145877277	0.0251347615020221	0	0.0845997087736187
EVPs.in.Urine66	0	6.53728776994489e-05	0	2.09909849566425e-05	0.547465214663513	0.000722920960061905	0.226839797284444	0.00241594979303281	0	0.00296329830436251	0.00337306685429301	0	0.187985458445253	6.04404822544535e-05	0.390241411952462	0	0.1404740168843	0.00034034280009606	0	0.000462345286529692	0	0.000643200426776075	0	0	0.00337476496152517	0.000140948119845358	0	0.000544584378013913	0	0.000202172179778859	0	0.145060274736334	0	0	0	0	0.0101299520795829	0.00357730115878721	0.000482767087913311
EVPs.in.Urine67	0.00876949070193252	0	0	0	0.550434032970657	0.00546578935598217	0.658867741078316	0.236299015078479	0	0.0392900085417496	0.0571661356999253	0	0.173844635422306	0	0.817409604568347	0	0.125853773156147	0.000289530381853864	0	0	0	0.0370538336872304	0	0.017300182675811	0.147024671579756	0.0162142246842185	0	0.138200744937505	0	0	0.110871637335869	0.161916970589259	0	0	0.158631941194222	0.187553612664968	0	0	0
EVPs.in.Urine68	0.0943426783354233	0	0.00498215645350053	1.39955876250208e-05	0.549038901274963	0	0.762622091211464	0.0668555445159454	0	0.0751865649886962	0.0471357059117943	0	0.311081079655359	0.000431721575295613	0.592043664425353	0.000316555021158051	0.185616228353552	0.129643268128673	0	0	0.0303519578911692	0	0	0.0476484218265023	0.0970860153737681	0.0738622790174393	0	0.0697753762594444	0	0	0	0.159231332235323	0	0	0	0.355424906842196	0.108761859946779	0.25715850559039	0
EVPs.in.Urine69	0.00388872670530845	0	0.0018286547974477	0	0.514011775553206	0.00204873204368721	0.466787217989464	0.0204882041711378	0.00152984781267085	0	0	0.0025777227050684	0.235424701486148	0.000368332965663715	0.325053496798911	0.00398460673234569	0.083100136640846	0.0011677616330904	0.00814486034304593	0.0130217198632719	0	0.00374796768249049	0	0.000165960251430841	0.024724256649705	0.00112093878986341	0.0372990106598777	0.0493901290183291	0	0.0015580421587594	0.0365670227710829	0.222923716521989	0	0	0	0.14262783463298	0	0.0160325832361825	0
EVPs.in.Urine70	0.647989367650675	0	0	0	0.558455240920849	0	0.50458089943551	0	0	0.00839692386581384	0.0112985359498518	0.00146246338341371	0.302166600840139	0.000156166210997011	0.324949150270326	0	0.227562380269804	0.0388375631140629	0	0	0	0	0	0	0.00486460088877069	0.116354533207229	0	0.00183940438066008	0.00163450470363138	0.00178456901990279	0	0.376320968334498	0	0	0	0.190370999840243	0.0333065028822119	0	0.00550879993479023
EVPs.in.Urine71	0	0.000462462199371579	0	0	0.540948405048397	0	0.486997866441702	0	0	0.0915648688695465	0.0159819842057937	0	0.328570469316985	0	0.403278469355615	0	0.223679413605303	0.000323522792855718	0	0	0	0	0	0	0.0310066134594341	0.000125491333089256	0	0.00182266817923391	0	0.00274551246178521	0	0.237717974185712	0	0	0	0.167394952093526	0.0499386685025704	0	0
EVPs.in.Urine72	0.0343313667531344	0	0	0	0.542169218162986	0	0.898577509892594	0.0106529690417666	0	0.0081570204583937	0.00936884317788647	0	0.381454002180386	0.000478850375923601	0.366196032159509	0	0.19801047931208	0	0	0	0.0355261761432546	0	0	0.0320844025170024	0.000156148105382337	0.0845645167599785	0	0.103943631705099	0.00332933848048433	0	0	0.440984907626567	0	0.0435586888607949	0.00707440858312336	0.293217536540183	0.0557800073934299	0.0413329843535342	0
EVPs.in.Urine73	0.0111112764461034	0.0014041650057125	0	0	0.534092704842335	0.0114795203928073	0.57238184552567	0.00559166671747494	0	0	0.0169009424556074	0.00430311483525844	0.236004316414336	0.000102549325803947	0.288758933368938	0.000629642190519308	0.134329490927978	0.00181405788521738	0.00641988180811572	0.00463441888390387	0	0	0	0	0.0140244140703365	0.0443619369082056	0.192370679414993	0.0015706507612821	0	0.00220883356601342	0.0418898527236424	0.244277304589419	0	0	0	0.107022537463183	0.0229507546537698	0	0
EVPs.in.Urine74	0.00413374657080946	0	0	0	0.52902824719799	0	1.19479039386674	0	0	0.0233477762746593	0.0501547459133093	0	0	0.000162488919603465	0.147151755833064	0.000460828894724236	0.18440009795837	0.101883465948696	0	0	0.00052892382684981	0	0	0	0.0168850959831567	0.0239944248161859	0.0538965944930991	0.104967020923748	0	0	0	0.0541338002379533	0	0	0.234855138645785	0.331879975707669	0	0.0742838890554713	0
EVPs.in.Urine75	0.0335643956170391	0	0.00560912860690257	0	0.545712926920304	0	1.08870810895286	0	0	0.127459518360828	0.015404969529692	0	0.305186412634984	0.000154246650361928	0.640961755113902	0	0.176292551893998	0	0	0	0	0	0	0	0.0363685382295999	0	0.00542447191452674	0.26406558700968	0	0	0.0315028214099804	0.166461506883394	0	0	0	0.227148566517447	0.0383944648146653	0	0.0428591445781718
EVPs.in.Urine76	0	0	0	0	0.533330330179516	0.000640704099859279	1.01418954859349	0	0	0.0462977604050929	0.0105966737157294	0	0.00743149561818356	0.00017671979649142	0.235844245795962	0	0.131175914890593	0	0	0	0	0	0	0.0628046938937416	0.0067019185935753	0.0290275572210859	0	3.25456386884304e-05	0	0	0	0	0	0	0	0.271564287219427	0.0621626065060184	0.190047130920921	0.0504808587706297
EVPs.in.Urine77	0	0.000640226047683795	0	0	0.537064548091027	0.00129952114777034	0.235365699668442	0.000106690277171279	0.00476064836597165	3.66845924659742e-06	0	0	0.0159488288261009	4.1044169780402e-06	0.838648583436955	0	0.108457726828571	3.01857980984643e-05	0	0	0	0	0	0	0.00135593687044575	0.0283654199794543	0	0.00209049657987351	0	0	0.00308524283012711	0	0	0	0	0	0.0252876876074044	0.0111958050440292	0
EVPs.in.Urine78	0	0	0	0	0.503267532666114	0	0.51542780290556	0	0	0.00576220732456489	0.00472782818204072	0.000428892050954255	0.302971000236155	0.000142302383301707	0.375956455471001	0.0102950863726182	0.192753278095823	0.26351578340486	0.120013248286588	0	0	0	0	5.04643259327218e-05	0.00274659776998169	0.00738414614617499	0.023751521326971	0.00196554322390541	0	0.00135330791897478	0	0.475843053687299	0	0	0.10961745142913	0.0642877336830139	0	0	0
EVPs.in.Urine79	0.0087327914256554	0	0	0	0.551617835646604	0.0127843282870375	0.588358567231432	0.00778407591152838	0	0.00336401756534821	0.0169385209051056	0	0.228129785965615	9.53336416326944e-05	0.425944811532232	0.000734659640636709	0.141082477686379	0.00205146762638575	0.00868086635753827	0	0	0.0620548692766322	0	0.000172448081067977	0.00776994116516141	0.0218677896884456	0.0212357801525483	0.0382585934189157	0.000597124898528201	0.000578441987102274	0.0412203407930181	0.16179544316022	0	0	0	0.0711537124646285	0	0.00961203668145388	0.00270645083958529
EVPs.in.Urine80	0	0	0	0	0.542584351536347	0.00185299408447847	0.412664562796211	0	0	0.00283909186152803	0.00242254000381448	0	0.00748606534645541	0.000177397600958223	0.636926465887095	0	0.158932659326833	0.0593815068177977	0	0	0	0.000674082125098713	0	0	0.00221930061585643	0.0163846332449629	0	0.00736650034099676	0	0.00136932306096199	0.00731860442916346	0.0371016391831668	0	0	0.0480253587188278	0.0483761021697184	0	0	0
EVPs.in.Urine81	0	0.000521641441077009	0	2.67306924120691e-05	0.492556068818064	0	0.0589210742737208	0.00301009986957406	0	0.00974690591503327	0.0015431241347605	0	0	8.50033485236387e-05	0.57863077556618	0	0.222039616959682	0	0	0	0	0	0	2.33420800716937e-05	0.000989827568475385	0	0	0.000223586579039586	0	0.000512717946909208	0	0.0057942414531124	0	0	0	0	0.0121339244120967	0.00301809583957161	0.00189088282862365
EVPs.in.Urine82	0.0772834187648706	0	0	0	0.524950430947443	0.157880851004494	0.771549487854438	0.00493494083383972	0	0.0039286458817957	0.0160112044362743	0.000719600828843703	0	0.000201153106214907	0.26228167729504	0	0.193149753597827	9.37889983119028e-05	0	0	0	0.000198514215321521	0	5.78934176385937e-06	0.00872910464889326	1.17418673846181e-05	0	0.00618619362952824	0	0	0	0.0401126484806067	0	0	0.0309201679977597	0.271336835272449	0.013536308572635	0	0
EVPs.in.Urine83	0.401879112155763	0.00487846167462594	0	0.0278009886097151	0.557965663848541	0.00529877006054004	0.290372729327304	0.0835780426501263	0	0.0968620855138457	0.0409447418544475	0	0.0475715129072346	0	0.648575184955887	7.33216091112357e-05	0.14094053957279	0.015286063506074	0	0.0108335009369967	0.146118428924522	0.0883943422774497	0	0.122718398007326	0.0554907402997599	9.28676192053779e-05	4.93239829903146e-05	0.00399050630515158	0	0.00681996357859666	0.0158141672145532	0.0645238803913909	0.0017420240990503	0	0.0652399888793069	0.0250874004844406	0	0	0.108986765700703
EVPs.in.Urine84	0	0.00184318450014634	0	0	0.527615097976454	0	0.68107383875396	0.0119234295186872	0	0.00045514123233284	0.100866598386826	0	0	0	0.83870832177857	0	0.21226024816436	0.115474654897038	0	0	0.0306738197608228	0	0	0.00612416336987104	0	0	0	0.0491799763873398	0.544880181560918	0	0	0	0	0.0620827743846492	0.137423406906512	0.179836158499848	0	0.0560399205745684	0
EVPs.in.Urine85	0	0	0.00636531890129824	1.11929513031406e-05	0.536911815600474	0.0132707406316743	0.710933169653872	0.0183063583994136	0	0.0352992550097954	0.0161880266642494	0	0.211224986820875	0.000542665965882067	0.362197816836572	0.00108444799648379	0.0534576346374933	0.0023536699142304	0.0180883594531858	0	0	0	0	0	0.0188517078776854	0.00189548118566435	0.064465931976883	0.135308325542841	0	0	0.0570560689994961	0.0596641230296199	0	0	0	0.220028813149811	0.0506909967799393	0	0
EVPs.in.Urine86	0	0	0.0122191628203031	0	0.533806856537679	0.000517631656425335	0.907755832112856	0.419404767675653	0	0	0.0369575737029224	0.06243412273535	0.00685085220796323	0.00289898632986715	0.387739262903849	0.00339997115960144	0.181583618033273	0.000507145394898673	0	0	0	0	0	0.106986239068216	0	0	0	0	0	0	0.0267089736725204	0.00242031788966907	0	0	0.292825186993477	0.46206727011079	0	0.540747558233559	0
EVPs.in.Urine87	0	0	0	1.24024435899928e-05	0.538135485605097	0.00333318417754981	0.73411505331229	0	0	0.0223947614644467	0	0	0.0206597309532919	0.000128827563732614	0.585625625494676	0.000221925312525573	0.172486345096372	0.000499425917087293	0	0	0	0	0	0.00789694387117451	0	0.0313579727679585	4.05800745697793e-05	0.000752181967698828	0	0	0.0475957261836101	0.00792590255536371	0	0	0	0.028562773212517	0.0328156933702424	0.0710279703216228	0
EVPs.in.Urine88	0.0082681581904674	0	0	0	0.550163018417874	0.026093370903827	0.233264643906571	0	0	0.0117736290649709	0.00248844133408235	0	0.315078347726938	0.000110767285729108	0.210827062416144	0.00158645766404973	0.167411066974261	0.0031790635346251	0.00950389152052873	0	0	0.00373308894382669	0.00539205132668956	0	0.00447788429410184	0.114222654647962	0.039306651580193	0	0.00100489270176082	0.000875204128013223	0.0364028002451068	0.155842579131165	0	0	0	0.0618828822251	0.0156132028039943	0	0.00487899520718956
EVPs.in.Urine89	0.544671709990794	0.000401678810787176	0	0	0.55364589851915	0	0.363706706627039	0.0013395461787305	0	0.0155267843490439	0.0146247946871599	0	0.198478843502713	0	0.505737288700426	0	0.139438616027254	0.254400702061149	0.0135484578506966	0	0	0.000644063256816901	0	0	0.0093597336995512	0.194546321002561	0.0854234653142312	0.0010572509153994	0	0.00141751129610465	0.0390752687346951	0.0644357388107629	0	0	0	0.0444950533282223	0.0211132233847353	0	0.00220657481420217
EVPs.in.Urine90	0.0846529849592789	0.00421400582734704	0	0	0.535986633020115	0.0392994586992747	0.747242967878449	0	0	0.0782053819367247	0.0364881458904387	0	0	0	0.170588071945594	0.000450969541338539	0.156881474236502	0.0875154008407872	0	0	0.123447466715364	0	0.00435751571850868	0.0370547027221991	0.00974354547686229	0.118189676609736	0.0121506071826268	0.0043896541762494	0	0	0.026984711728235	0.0568082127260522	0	0	0.094404464625551	0.265106552090505	0.00821813440118432	0.0625390216329408	0
EVPs.in.Urine91	0.184505229144108	0	0	0	0.55609942573236	0	0.934517018847027	0.122725910844813	0.039546589881758	0.0611797027559202	0.026539823780458	0	0.224307768188816	0	0.388193154747783	0	0.13735803247046	0	0	0	0	0.115436940244473	0	0	0.127457908874059	6.73794239234582e-05	0.0484989747622435	0.139532634958885	0	0	0	0.220388321508399	0	0	0.146877547166873	0.406826500981904	0	0	0
EVPs.in.Urine92	0	0	0.0137608655966056	0.00423757908337355	0.544165948976673	0	0.660502304238618	0.0681357909580844	0	0	0.0847924739602771	0.00191481164143598	0	0.0114087035340952	0.831333745158474	0	0.132469720511322	8.61618664778768e-05	0	0	0.141014343966968	0.682999530014521	0	0.128733933217265	0	0	0	0	0	0	0	0.00516080746609372	0	0.0100337468426595	0	0.251460635614193	0.0350736305722079	0.104474087811785	0
EVPs.in.Urine93	0	0	0.0106811354003838	0	0.509209007300779	0.00308434638156833	0.420452798067742	0.0597954389146741	0	0	0.0278301529345086	0	0.0037794531991699	0	0.595477163778472	1.44217023511966e-05	0.157921685673785	9.49908715885349e-05	0	0	0.160885886242298	0	0	0.0546100453454804	0.0238439016707022	0	0	0.00334297159341537	0	0	0	0.00028497026155871	0	0	0	0.0819381649630527	0.0390574017562745	0	0
EVPs.in.Urine94	0.673774058927394	0	0.00137171967505978	0	0.539624147014452	0	1.10061350215406	0	0	0.0923707710929891	0.0351640000930692	0	0.328717616104545	0	0.347130336351295	0	0.206054147324938	0.221779459017021	0.139282509544553	0	0	0	0	0	0.0287338951897202	0	0.129190062307026	0.285629274221117	0	0	0.0194498139452933	0.443259844791567	0	0	0.222773731025065	0.381637763076697	0	0	0.0758460453181609
EVPs.in.Urine95	0.00763876125117342	0.00501152980010916	0	0.0034184002340221	0.535254514779044	0	0.686665843429398	0.0263086822981002	0.0430352461275295	0.0259451704831018	0	0	0.159870182638629	0.0378474988404487	0.552454011349899	0	0.136756492128782	0	0	0.00553193865349411	0.123986743712521	0	0	0.0573181176902759	0	0.107748767486129	0	0.00162127574360313	0	0	0	0.140724815200666	0	0	0.161829015030229	0.227272838476457	0	0.218832419024331	0.255402974437886
EVPs.in.Urine96	0	0	0	4.48461566699421e-05	0.53820403255427	0.00663433984191826	0.366501250577244	0.235420053773036	0	0	0.0378066110040687	0	0.0479789438208269	0.000280064511699013	0.721515289692021	0.000102385845012362	0.128292835598168	0.000331948120261105	0	0	0	0	0	0.0278654766039745	0	7.19499781580701e-05	0	0.00161811544069596	0.000188382135657916	0.000462118953495877	0.0195267146840509	0.00150486258964205	0	0.0637091858220847	0	0.0901752177998791	0.0363619886438585	0	0
EVPs.in.Urine97	1.04830076830302	0	0.0057709132728683	0	0.623705711282239	0	0.6496584410006	0.153343197269264	0	0.028554006396448	0.18491189821137	0	0.102471357319767	0	0.675641836538055	0	0.189625376490824	0	0	0	0	0	0	0.0918099445285748	0.0741337706461109	0.100825533919803	0	0	0.255276588617429	0	0.053667337189707	0.0926452627356598	0	0	0.453855849060534	0.225725782787482	0	0.643130418779975	0
EVPs.in.Urine98	0	1.08762320162568e-05	0	2.23536428443742e-05	0.459564643593317	0	0.00321056085333179	9.17720146736932e-05	0	2.61820839154402e-05	0	1.31131472120814e-05	0	5.00421672239293e-05	0.456132423652655	0.000100863669124901	0.102498982453617	0.000138660522478365	0	0.000251370226165084	4.94682392896996e-05	0	0	1.51511782328917e-05	0	8.61569923528149e-05	0	0.000102146715786424	0.000207924138659856	0.000221574348215233	0	0.00225166485405383	0	0	0.00526406627932293	0	0	0	0
EVPs.in.Urine99	1.24731568273764	0	0.00590364089374179	0	0.578573845811547	0.103055327295566	0.241431869598467	0.145605562189579	0	0.118243294779317	0.0108257526163593	0	0.185191991065586	0.000917790841992477	0.811626376796187	0	0.133556669115119	0.000808935669749392	0	0	0.0163194049243077	0.00186646537380387	0	0.10035902629879	0	0	0	0.00184625913894601	0.00937370121239828	0.00481896055897851	0.0143676470373291	0.121128106299933	0	0.0239159903315858	0	0	0.0727847139047002	0.0196746887193281	0
