	Adipose.Tissue	Bladder	Brain	Colon	Esophagus	Heart	Kidney	Liver	Lung	Muscle	Nerve	Pancreas	Pituitary	Skin	Small.Intestine	Stomach	Esophagus.percent
S0102	1.00E-10	0.171637821	0.004594352	0.013358962	0.529674223	1.00E-10	0.047148029	1.00E-10	1.00E-10	1.00E-10	1.00E-10	0.005200529	1.00E-10	1.00E-10	1.00E-10	1.00E-10	68.64%
S0104	1.00E-10	0.283643321	1.00E-10	1.00E-10	0.762220893	0.001217473	0.044802078	1.00E-10	1.00E-10	1.00E-10	1.00E-10	0.001329301	1.00E-10	1.00E-10	1.00E-10	1.00E-10	69.72%
S0105	1.00E-10	0.747302939	1.00E-10	1.00E-10	1.00E-10	1.00E-10	0.081329362	1.00E-10	1.00E-10	1.00E-10	1.00E-10	1.00E-10	0.001771688	1.00E-10	1.00E-10	1.00E-10	0.00%
S0106	1.00E-10	0.979671493	1.00E-10	1.00E-10	1.00E-10	1.00E-10	0.017813292	1.00E-10	1.00E-10	1.00E-10	1.00E-10	1.00E-10	0.003282567	1.00E-10	1.00E-10	1.00E-10	0.00%
S0107	1.00E-10	1.024182095	0.001132685	0.05162209	1.00E-10	1.00E-10	0.00033139	1.00E-10	1.00E-10	1.00E-10	1.00E-10	1.00E-10	0.000801116	1.00E-10	1.00E-10	1.00E-10	0.00%
S0108	1.00E-10	0.057316395	0.000984711	1.00E-10	0.918735407	1.00E-10	0.018876348	1.00E-10	1.00E-10	1.00E-10	1.00E-10	1.00E-10	0.000402768	1.00E-10	1.00E-10	1.00E-10	92.21%
S0111	1.00E-10	0.777036805	1.00E-10	0.059837296	1.00E-10	1.00E-10	0.001460305	1.00E-10	1.00E-10	1.00E-10	1.00E-10	1.00E-10	1.00E-10	0.000144315	1.00E-10	1.00E-10	0.00%
S0112	1.00E-10	0.887807463	1.00E-10	0.003485575	1.00E-10	1.00E-10	0.044637761	1.00E-10	1.00E-10	1.00E-10	1.00E-10	1.00E-10	0.002325636	1.00E-10	1.00E-10	1.00E-10	0.00%
S0113	1.00E-10	0.846727458	0.000191727	1.00E-10	1.00E-10	1.00E-10	0.00058483	1.00E-10	1.00E-10	1.00E-10	1.00E-10	1.00E-10	1.00E-10	1.00E-10	1.00E-10	1.00E-10	0.00%
S0115	1.00E-10	1.057622296	0.003571521	0.01846003	1.00E-10	1.00E-10	0.030289354	0.007183841	1.00E-10	1.00E-10	1.00E-10	1.00E-10	0.006978432	1.00E-10	1.00E-10	1.00E-10	0.00%
S0116	1.00E-10	0.758263072	0.019184987	1.00E-10	1.00E-10	1.00E-10	0.052637178	0.004197835	1.00E-10	1.00E-10	1.00E-10	0.002388883	0.008926998	0.004712794	0.002637779	1.00E-10	0.00%
S0117	1.00E-10	1.123910978	1.00E-10	1.00E-10	1.00E-10	1.00E-10	0.015007053	1.00E-10	1.00E-10	1.00E-10	1.00E-10	1.00E-10	1.00E-10	1.00E-10	1.00E-10	1.00E-10	0.00%
S1504	1.00E-10	1.157496799	0.004789417	0.001055265	1.00E-10	1.00E-10	0.008098115	1.00E-10	1.00E-10	1.00E-10	1.00E-10	1.00E-10	1.00E-10	0.002720689	1.00E-10	1.00E-10	0.00%
S1505	1.00E-10	0.539960867	1.00E-10	0.005785349	0.450090734	1.00E-10	0.033928557	1.00E-10	1.00E-10	1.00E-10	1.00E-10	1.00E-10	1.00E-10	0.001736623	1.00E-10	1.00E-10	43.63%
S1506	1.00E-10	0.909135721	0.000526624	1.00E-10	1.00E-10	1.00E-10	0.00498378	1.00E-10	1.00E-10	1.00E-10	1.00E-10	1.00E-10	1.00E-10	1.00E-10	0.000252092	1.00E-10	0.00%
S1511	1.00E-10	0.456084451	0.005056838	0.007211664	1.00E-10	1.00E-10	0.04805249	1.00E-10	1.00E-10	1.00E-10	1.00E-10	1.00E-10	0.002010128	1.00E-10	1.00E-10	1.00E-10	0.00%
S1512	1.00E-10	0.598491907	0.002130066	0.017846251	0.10784862	1.00E-10	0.016017119	1.00E-10	1.00E-10	1.00E-10	1.00E-10	0.002382551	0.000905511	1.00E-10	1.00E-10	1.00E-10	14.46%
S1513	1.00E-10	0.757654228	0.00960465	1.00E-10	1.00E-10	0.006615162	0.048096371	0.025036418	1.00E-10	1.00E-10	1.00E-10	0.012796212	0.007675026	0.012654786	0.011838941	0.003648261	0.00%
S2904	1.00E-10	0.983412133	0.000586706	1.00E-10	1.00E-10	1.00E-10	0.017787759	1.00E-10	1.00E-10	1.00E-10	1.00E-10	1.00E-10	1.00E-10	1.00E-10	1.00E-10	1.00E-10	0.00%
S2905	1.00E-10	0.904881381	1.00E-10	1.00E-10	1.00E-10	1.00E-10	0.002019303	1.00E-10	1.00E-10	1.00E-10	1.00E-10	1.00E-10	1.00E-10	1.00E-10	1.00E-10	1.00E-10	0.00%
S2906	1.00E-10	0.823129885	0.001022026	1.00E-10	0.016409621	1.00E-10	0.062050821	1.00E-10	1.00E-10	1.00E-10	1.00E-10	1.00E-10	0.001383164	1.00E-10	1.00E-10	1.00E-10	1.82%
S2911	1.00E-10	1.09660288	1.00E-10	1.00E-10	1.00E-10	1.00E-10	0.020942832	1.00E-10	1.00E-10	1.00E-10	1.00E-10	1.00E-10	1.00E-10	1.00E-10	1.00E-10	1.00E-10	0.00%
S2912	1.00E-10	0.984701253	0.008369228	0.012186007	1.00E-10	1.00E-10	0.034850326	1.00E-10	1.00E-10	1.00E-10	1.00E-10	1.00E-10	0.004544078	1.00E-10	1.00E-10	1.00E-10	0.00%
S2913	1.00E-10	0.759226359	1.00E-10	1.00E-10	1.00E-10	1.00E-10	0.021123313	0.013324544	1.00E-10	1.00E-10	1.00E-10	0.007114879	1.00E-10	0.008176345	0.006907938	0.000907353	0.00%
S4304	1.00E-10	0.892810146	1.00E-10	0.002628072	0.199980014	1.00E-10	0.007820938	0.000827248	1.00E-10	1.00E-10	1.00E-10	1.00E-10	1.00E-10	0.00210845	1.00E-10	1.00E-10	18.08%
S4305	1.00E-10	0.438875532	1.00E-10	1.00E-10	0.636372692	1.00E-10	0.00984035	1.00E-10	1.00E-10	1.00E-10	1.00E-10	1.00E-10	1.00E-10	0.00038041	0.000348422	1.00E-10	58.61%
S4306	1.00E-10	0.956200256	1.00E-10	0.012053656	1.00E-10	1.00E-10	0.09183968	1.00E-10	1.00E-10	1.00E-10	1.00E-10	1.00E-10	1.00E-10	1.00E-10	1.00E-10	1.00E-10	0.00%
S4311	1.00E-10	1.066107824	1.00E-10	1.00E-10	1.00E-10	1.00E-10	0.000282644	1.00E-10	1.00E-10	1.00E-10	1.00E-10	1.00E-10	1.00E-10	1.00E-10	1.00E-10	1.00E-10	0.00%
S4312	1.00E-10	0.685448231	1.00E-10	1.00E-10	1.00E-10	1.00E-10	0.06759322	0.002973834	1.00E-10	1.00E-10	1.00E-10	1.00E-10	0.002437042	1.00E-10	1.00E-10	1.00E-10	0.00%
S4313	1.00E-10	0.896278508	0.000746318	1.00E-10	1.00E-10	1.00E-10	1.00E-10	1.00E-10	1.00E-10	1.00E-10	1.00E-10	1.00E-10	0.013988476	1.00E-10	1.00E-10	1.00E-10	0.00%
